BAND 6 PERFORMANCE USING FILTER 6-1 AND	DETECTOR ARRAY B8	
[4,172] 					
mu	 L7		  L4	  L5
10	0.000		0.0094	0.0058	
10.02	0.019		0.0100	0.0073	
10.03	0.021		0.0103	0.0081	
10.04	0.007		0.0107	0.0088	
10.05	0.017		0.0110	0.0096	
10.06	0.027		0.0113	0.0104	
10.07	0.025		0.0116	0.0112	
10.08	0.027		0.0119	0.0120	
10.09	0.027		0.0122	0.0128	
10.10	0.030		0.0126	0.0136	
10.12	0.044		0.0159	0.0165	
10.13	0.037		0.0177	0.0018
10.14	0.065		0.0194	0.0195
10.15	0.053		0.0212	0.0210
10.16	0.052		0.0230	0.0226
10.17	0.049		0.0249	0.0241
10.18	0.068		0.0267	0.0256
10.19	0.084		0.0286	0.0272
10.20	0.109		0.0305	0.0288
10.21	0.124		0.0357	0.0334
10.22	0.134		0.0431	0.0381
10.23	0.173		0.0506	0.0428
10.24	0.175		0.0581	0.0476
10.25	0.217		0.0607	0.0524
10.26	0.256		0.0733	0.0572
10.27	0.286		0.0811	0.0621
10.28	0.344		0.0888	0.0670
10.29	0.384		0.0967	0.0719
10.30	0.443		0.1046	0.0769
10.31	0.492		0.1141	0.1011
10.33	0.544		0.1780	0.1502
10.34	0.614		0.2103	0.1751
10.35	0.680		0.2428	0.2002
10.36	0.725		0.2755	0.2256
10.37	0.794		0.3085	0.2511
10.38	0.823		0.3417	0.2769
10.39	0.862		0.3752	0.3029
10.40	0.890		0.4095	0.3292
10.41	0.907		0.4438	0.3633
10.42	0.930		0.4815	0.3974
10.43	0.960		0.5262	0.4317
10.44	0.965		0.5713	0.4661
10.45	0.971		0.6168	0.5005
10.46	0.969		0.6629	0.5350
10.47	0.980		0.7093	0.5696	
10.48	0.979		0.7365	0.6043	
10.49	1.000		0.7588	0.6391	
10.50	0.981		0.7812	0.6739	
10.51	0.969		0.8047	0.6839	
10.52	0.988		0.8228	0.6940	
10.53	0.974		0.8307	0.7042	
10.54	0.952		0.8398	0.7145	
10.59	0.957		0.8425	0.7671	
10.64	0.957		0.8516	0.7833	
10.70	0.948		0.8647	0.7908	
10.75	0.948		0.8875	0.8158	
10.80	0.923		0.9202	0.8413	
10.85	0.915		0.9512	0.8743	
10.90	0.893		0.9711	0.9081	
10.95	0.897		0.9876	0.9412
11.00	0.886		0.9988	0.9751
11.05	0.883		1.0000	0.9793
11.10	0.882		0.9807	0.9834
11.15	0.880		0.9283	0.9693
11.20	0.875		0.8728	0.9552
11.25	0.856		0.8524	0.9688
11.29	0.857		0.8410	0.9798
11.34	0.830		0.8197	0.9849
11.39	0.833		0.7971	0.9896
11.44	0.800		0.7875	0.9929
11.49	0.797		0.7683	0.9989
11.54	0.789		0.7223	0.9682
11.59	0.744		0.6799	0.9290
11.63	0.719		0.6306	0.9302
11.68	0.711		0.5711	0.9450
11.73	0.699		0.5124	0.9589	
11.78	0.666		0.4536	0.9721	
11.82	0.666		0.4133	0.9782	
11.87	0.628		0.3659	0.9806	
11.92	0.626		0.3190	0.9813	
11.96	0.592		0.2876	0.9797	
12.01	0.586		0.2524	0.9769	
12.02	0.597		0.2484	0.9759	
12.03	0.613		0.2444	0.9749	
12.04	0.601		0.2404	0.9739	
12.05	0.544		0.2335	0.9729	
12.06	0.551		0.2326	0.9719	
12.07	0.578		0.2287	0.9708	
12.08	0.567		0.2248	0.9698	
12.09	0.546		0.2210	0.9688	
12.10	0.558		0.2172	0.9677	
12.11	0.544		0.2126	0.9665
12.12	0.511		0.2080	0.9653
12.13	0.565		0.2026	0.9640
12.14	0.519		0.1971	0.9627
12.15	0.546		0.1915	0.9615
12.16	0.567		0.1859	0.9602
12.17	0.545		0.1803	0.9589
12.18	0.530		0.1747	0.9577
12.19	0.530		0.1690	0.9564
12.20	0.542		0.1629	0.9551
12.21	0.532		0.1591	0.9481
12.22	0.532		0.1554	0.9412
12.23	0.533		0.1517	0.9343
12.24	0.561		0.1479	0.9274
12.25	0.518		0.1442	0.9205
12.26	0.532		0.1405	0.9136
12.27	0.533		0.1368	0.9067
12.28	0.524		0.1313	0.8999
12.29	0.550		0.1256	0.8930
12.30	0.567		0.1201	0.8861
12.31	0.531		0.1156	0.8568
12.32	0.553		0.1107	0.8275
12.33	0.527		0.1059	0.7982
12.34	0.537		0.1013	0.7690
12.35	0.530		0.0960	0.7398
12.36	0.507		0.0897	0.7136
12.37	0.488		0.0836	0.6814
12.38	0.485		0.0778	0.6523
12.39	0.447		0.0721	0.6232
12.40	0.447		0.0667	0.5940
12.41	0.425		0.0617	0.5614
12.42	0.416		0.0570	0.5286
12.43	0.405		0.0522	0.4957
12.44	0.388		0.0475	0.4627
12.45	0.358		0.0430	0.4296
12.46	0.360		0.0386	0.3964
12.47	0.275		0.0344	0.3631
12.48	0.272		0.0304	0.3297
12.49	0.290		0.0265	0.2962
12.50	0.196		0.0228	0.2627
12.51	0.205		0.0206	0.2403
12.52	0.208		0.0185	0.2181
12.53	0.172		0.0165	0.1960
12.54	0.149		0.0145	0.1741
12.54	0.126		0.0145	0.1741
12.55	0.109		0.0125	0.1523
12.56	0.105		0.0105	0.1307
12.57	0.075		0.0086	0.1092
12.58	0.069		0.0067	0.0879
12.59	0.077		0.0052	0.0667
12.60	0.099		0.0038	0.0458
12.61	0.069		0.0035	0.0433
12.62	0.073		0.0033	0.0409
12.63	0.085		0.0031	0.0385
12.64	0.069		0.0028	0.0361
12.65	0.030		0.0026	0.0337
12.66	0.045		0.0024	0.0314
12.67	0.052		0.0022	0.0291
12.68	0.013		0.0020	0.0268
12.69	0.023		0.0018	0.0245
12.70	0.009		0.0016	0.0223
12.71	0.032		0.0015	0.0209
12.72	0.017		0.0014	0.0195
12.73	-0.027		0.0013	0.0182
12.74	0.011		0.0012	0.0168
12.75	0.017		0.0011	0.0155
12.76	-0.019		0.0010	0.0141
12.77	0.005		0.0009	0.0128
12.78	0.011		0.0008	0.0115
12.79	0.003		0.0007	0.0101
12.80	0.011		0.0006	0.0088
12.81	-0.011		0.0006	0.0085
12.82	0.013		0.0005	0.0081
12.83	0.008		0.0005	0.0078
12.84	-0.012		0.0005	0.0074
12.85	0.020		0.0005	0.0071
12.86	0.015		0.0004	0.0068
12.87	-0.001		0.0004	0.0064
12.88	-0.026		0.0004	0.0061
12.89	-0.015		0.0004	0.0058
12.90	0.001		0.0003	0.0054
