3.499999999999999778e-01 0.000000000000000000e+00
3.524999999999999800e-01 0.000000000000000000e+00
3.549999999999999822e-01 0.000000000000000000e+00
3.574999999999999845e-01 0.000000000000000000e+00
3.599999999999999867e-01 0.000000000000000000e+00
3.624999999999999889e-01 0.000000000000000000e+00
3.649999999999999911e-01 0.000000000000000000e+00
3.674999999999999933e-01 0.000000000000000000e+00
3.699999999999999956e-01 0.000000000000000000e+00
3.724999999999999978e-01 0.000000000000000000e+00
3.750000000000000000e-01 0.000000000000000000e+00
3.775000000000000022e-01 0.000000000000000000e+00
3.800000000000000044e-01 0.000000000000000000e+00
3.825000000000000067e-01 0.000000000000000000e+00
3.850000000000000089e-01 0.000000000000000000e+00
3.875000000000000111e-01 0.000000000000000000e+00
3.900000000000000133e-01 0.000000000000000000e+00
3.925000000000000155e-01 0.000000000000000000e+00
3.950000000000000178e-01 0.000000000000000000e+00
3.975000000000000200e-01 0.000000000000000000e+00
4.000000000000000222e-01 0.000000000000000000e+00
4.025000000000000244e-01 0.000000000000000000e+00
4.050000000000000266e-01 0.000000000000000000e+00
4.074999999999999734e-01 0.000000000000000000e+00
4.099999999999999756e-01 0.000000000000000000e+00
4.124999999999999778e-01 0.000000000000000000e+00
4.149999999999999800e-01 0.000000000000000000e+00
4.174999999999999822e-01 0.000000000000000000e+00
4.199999999999999845e-01 0.000000000000000000e+00
4.224999999999999867e-01 0.000000000000000000e+00
4.249999999999999889e-01 0.000000000000000000e+00
4.274999999999999911e-01 0.000000000000000000e+00
4.299999999999999933e-01 0.000000000000000000e+00
4.324999999999999956e-01 0.000000000000000000e+00
4.349999999999999978e-01 0.000000000000000000e+00
4.375000000000000000e-01 0.000000000000000000e+00
4.400000000000000022e-01 0.000000000000000000e+00
4.425000000000000044e-01 0.000000000000000000e+00
4.450000000000000067e-01 0.000000000000000000e+00
4.475000000000000089e-01 0.000000000000000000e+00
4.500000000000000111e-01 0.000000000000000000e+00
4.525000000000000133e-01 0.000000000000000000e+00
4.550000000000000155e-01 0.000000000000000000e+00
4.575000000000000178e-01 0.000000000000000000e+00
4.600000000000000200e-01 0.000000000000000000e+00
4.625000000000000222e-01 0.000000000000000000e+00
4.650000000000000244e-01 0.000000000000000000e+00
4.675000000000000266e-01 0.000000000000000000e+00
4.699999999999999734e-01 0.000000000000000000e+00
4.724999999999999756e-01 0.000000000000000000e+00
4.749999999999999778e-01 0.000000000000000000e+00
4.774999999999999800e-01 0.000000000000000000e+00
4.799999999999999822e-01 0.000000000000000000e+00
4.824999999999999845e-01 0.000000000000000000e+00
4.849999999999999867e-01 0.000000000000000000e+00
4.874999999999999889e-01 0.000000000000000000e+00
4.899999999999999911e-01 0.000000000000000000e+00
4.924999999999999933e-01 0.000000000000000000e+00
4.949999999999999956e-01 0.000000000000000000e+00
4.974999999999999978e-01 0.000000000000000000e+00
5.000000000000000000e-01 0.000000000000000000e+00
5.024999999999999467e-01 0.000000000000000000e+00
5.050000000000000044e-01 0.000000000000000000e+00
5.074999999999999512e-01 0.000000000000000000e+00
5.100000000000000089e-01 0.000000000000000000e+00
5.124999999999999556e-01 0.000000000000000000e+00
5.150000000000000133e-01 0.000000000000000000e+00
5.174999999999999600e-01 0.000000000000000000e+00
5.200000000000000178e-01 0.000000000000000000e+00
5.224999999999999645e-01 0.000000000000000000e+00
5.250000000000000222e-01 0.000000000000000000e+00
5.274999999999999689e-01 0.000000000000000000e+00
5.300000000000000266e-01 0.000000000000000000e+00
5.324999999999999734e-01 0.000000000000000000e+00
5.350000000000000311e-01 0.000000000000000000e+00
5.374999999999999778e-01 0.000000000000000000e+00
5.400000000000000355e-01 0.000000000000000000e+00
5.424999999999999822e-01 0.000000000000000000e+00
5.450000000000000400e-01 0.000000000000000000e+00
5.474999999999999867e-01 0.000000000000000000e+00
5.500000000000000444e-01 0.000000000000000000e+00
5.524999999999999911e-01 0.000000000000000000e+00
5.550000000000000488e-01 0.000000000000000000e+00
5.574999999999999956e-01 0.000000000000000000e+00
5.600000000000000533e-01 0.000000000000000000e+00
5.625000000000000000e-01 0.000000000000000000e+00
5.649999999999999467e-01 0.000000000000000000e+00
5.675000000000000044e-01 0.000000000000000000e+00
5.699999999999999512e-01 0.000000000000000000e+00
5.725000000000000089e-01 0.000000000000000000e+00
5.749999999999999556e-01 0.000000000000000000e+00
5.775000000000000133e-01 0.000000000000000000e+00
5.799999999999999600e-01 0.000000000000000000e+00
5.825000000000000178e-01 0.000000000000000000e+00
5.849999999999999645e-01 0.000000000000000000e+00
5.875000000000000222e-01 0.000000000000000000e+00
5.899999999999999689e-01 0.000000000000000000e+00
5.925000000000000266e-01 0.000000000000000000e+00
5.949999999999999734e-01 0.000000000000000000e+00
5.975000000000000311e-01 0.000000000000000000e+00
5.999999999999999778e-01 0.000000000000000000e+00
6.025000000000000355e-01 0.000000000000000000e+00
6.049999999999999822e-01 0.000000000000000000e+00
6.075000000000000400e-01 0.000000000000000000e+00
6.099999999999999867e-01 0.000000000000000000e+00
6.125000000000000444e-01 0.000000000000000000e+00
6.149999999999999911e-01 0.000000000000000000e+00
6.175000000000000488e-01 0.000000000000000000e+00
6.199999999999999956e-01 0.000000000000000000e+00
6.225000000000000533e-01 0.000000000000000000e+00
6.250000000000000000e-01 0.000000000000000000e+00
6.274999999999999467e-01 0.000000000000000000e+00
6.300000000000000044e-01 0.000000000000000000e+00
6.324999999999999512e-01 0.000000000000000000e+00
6.350000000000000089e-01 0.000000000000000000e+00
6.374999999999999556e-01 0.000000000000000000e+00
6.400000000000000133e-01 0.000000000000000000e+00
6.424999999999999600e-01 0.000000000000000000e+00
6.450000000000000178e-01 0.000000000000000000e+00
6.474999999999999645e-01 0.000000000000000000e+00
6.500000000000000222e-01 0.000000000000000000e+00
6.524999999999999689e-01 0.000000000000000000e+00
6.550000000000000266e-01 0.000000000000000000e+00
6.574999999999999734e-01 0.000000000000000000e+00
6.600000000000000311e-01 0.000000000000000000e+00
6.624999999999999778e-01 0.000000000000000000e+00
6.650000000000000355e-01 0.000000000000000000e+00
6.674999999999999822e-01 0.000000000000000000e+00
6.700000000000000400e-01 0.000000000000000000e+00
6.724999999999999867e-01 0.000000000000000000e+00
6.750000000000000444e-01 0.000000000000000000e+00
6.774999999999999911e-01 0.000000000000000000e+00
6.800000000000000488e-01 0.000000000000000000e+00
6.824999999999999956e-01 0.000000000000000000e+00
6.850000000000000533e-01 0.000000000000000000e+00
6.875000000000000000e-01 0.000000000000000000e+00
6.899999999999999467e-01 0.000000000000000000e+00
6.925000000000000044e-01 0.000000000000000000e+00
6.949999999999999512e-01 0.000000000000000000e+00
6.975000000000000089e-01 0.000000000000000000e+00
6.999999999999999556e-01 0.000000000000000000e+00
7.025000000000000133e-01 0.000000000000000000e+00
7.049999999999999600e-01 0.000000000000000000e+00
7.075000000000000178e-01 0.000000000000000000e+00
7.099999999999999645e-01 0.000000000000000000e+00
7.125000000000000222e-01 0.000000000000000000e+00
7.149999999999999689e-01 0.000000000000000000e+00
7.175000000000000266e-01 0.000000000000000000e+00
7.199999999999999734e-01 0.000000000000000000e+00
7.225000000000000311e-01 0.000000000000000000e+00
7.249999999999999778e-01 0.000000000000000000e+00
7.275000000000000355e-01 0.000000000000000000e+00
7.299999999999999822e-01 0.000000000000000000e+00
7.325000000000000400e-01 0.000000000000000000e+00
7.349999999999999867e-01 0.000000000000000000e+00
7.375000000000000444e-01 0.000000000000000000e+00
7.399999999999999911e-01 0.000000000000000000e+00
7.425000000000000488e-01 0.000000000000000000e+00
7.449999999999999956e-01 0.000000000000000000e+00
7.475000000000000533e-01 0.000000000000000000e+00
7.500000000000000000e-01 0.000000000000000000e+00
7.524999999999999467e-01 0.000000000000000000e+00
7.550000000000000044e-01 0.000000000000000000e+00
7.574999999999999512e-01 0.000000000000000000e+00
7.600000000000000089e-01 0.000000000000000000e+00
7.624999999999999556e-01 0.000000000000000000e+00
7.650000000000000133e-01 0.000000000000000000e+00
7.674999999999999600e-01 0.000000000000000000e+00
7.700000000000000178e-01 0.000000000000000000e+00
7.724999999999999645e-01 0.000000000000000000e+00
7.750000000000000222e-01 2.964508056319921630e-03
7.774999999999999689e-01 3.909530394910729068e-02
7.800000000000000266e-01 1.487126540618456672e-01
7.824999999999999734e-01 5.262574929836060234e-01
7.850000000000000311e-01 9.035219610029223691e-01
7.874999999999999778e-01 9.457751200127497704e-01
7.900000000000000355e-01 9.794813692541135541e-01
7.924999999999999822e-01 9.981537387289503016e-01
7.950000000000000400e-01 9.984318199925877879e-01
7.974999999999999867e-01 9.751705510970914981e-01
8.000000000000000444e-01 9.507491861422708856e-01
8.024999999999999911e-01 9.446374836234950889e-01
8.050000000000000488e-01 9.399286100419159684e-01
8.074999999999999956e-01 9.015311084063898361e-01
8.100000000000000533e-01 8.502177682645636336e-01
8.125000000000000000e-01 8.172785362493413253e-01
8.149999999999999467e-01 8.022084697698549371e-01
8.175000000000000044e-01 7.748564431805212704e-01
8.199999999999999512e-01 7.422692203699269298e-01
8.225000000000000089e-01 7.171646745089947927e-01
8.249999999999999556e-01 7.274621403054742919e-01
8.275000000000000133e-01 7.572454274433237931e-01
8.299999999999999600e-01 7.829831160870438511e-01
8.325000000000000178e-01 7.837710116825564732e-01
8.349999999999999645e-01 7.806240108654443066e-01
8.375000000000000222e-01 7.811676512472108813e-01
8.399999999999999689e-01 7.761445045286654576e-01
8.425000000000000266e-01 7.570606319163137865e-01
8.449999999999999734e-01 7.312129932168480728e-01
8.475000000000000311e-01 7.035265858079623458e-01
8.499999999999999778e-01 6.716390583961920902e-01
8.525000000000000355e-01 6.342851674295285624e-01
8.549999999999999822e-01 6.018541114821318594e-01
8.575000000000000400e-01 5.857963328499035116e-01
8.599999999999999867e-01 5.811159907204328512e-01
8.625000000000000444e-01 5.758262647912367749e-01
8.649999999999999911e-01 5.714446135799748916e-01
8.675000000000000488e-01 5.716106902800949241e-01
8.699999999999999956e-01 5.761779560019895108e-01
8.725000000000000533e-01 5.800316017036383220e-01
8.750000000000000000e-01 5.758745057394718536e-01
8.774999999999999467e-01 5.590865621054510459e-01
8.800000000000000044e-01 5.450842263231163720e-01
8.824999999999999512e-01 5.396043036839996976e-01
8.850000000000000089e-01 5.304040040730596539e-01
8.874999999999999556e-01 4.952548908811071904e-01
8.900000000000000133e-01 4.546886088209349253e-01
8.924999999999999600e-01 4.430122606375873073e-01
8.950000000000000178e-01 4.391407438193842272e-01
8.974999999999999645e-01 3.353428661119045029e-01
9.000000000000000222e-01 1.743459902573066544e-01
9.024999999999999689e-01 6.989084024682898355e-02
9.050000000000000266e-01 2.427229281478461564e-02
9.074999999999999734e-01 3.079310818176711310e-03
9.100000000000000311e-01 0.000000000000000000e+00
9.124999999999999778e-01 0.000000000000000000e+00
9.150000000000000355e-01 0.000000000000000000e+00
9.174999999999999822e-01 0.000000000000000000e+00
9.200000000000000400e-01 0.000000000000000000e+00
9.224999999999999867e-01 0.000000000000000000e+00
9.250000000000000444e-01 0.000000000000000000e+00
9.274999999999999911e-01 0.000000000000000000e+00
9.300000000000000488e-01 0.000000000000000000e+00
9.324999999999999956e-01 0.000000000000000000e+00
9.350000000000000533e-01 0.000000000000000000e+00
9.375000000000000000e-01 0.000000000000000000e+00
9.399999999999999467e-01 0.000000000000000000e+00
9.425000000000000044e-01 0.000000000000000000e+00
9.449999999999999512e-01 0.000000000000000000e+00
9.475000000000000089e-01 0.000000000000000000e+00
9.499999999999999556e-01 0.000000000000000000e+00
9.525000000000000133e-01 0.000000000000000000e+00
9.549999999999999600e-01 0.000000000000000000e+00
9.575000000000000178e-01 0.000000000000000000e+00
9.599999999999999645e-01 0.000000000000000000e+00
9.625000000000000222e-01 0.000000000000000000e+00
9.649999999999999689e-01 0.000000000000000000e+00
9.675000000000000266e-01 0.000000000000000000e+00
9.699999999999999734e-01 0.000000000000000000e+00
9.725000000000000311e-01 0.000000000000000000e+00
9.749999999999999778e-01 0.000000000000000000e+00
9.775000000000000355e-01 0.000000000000000000e+00
9.799999999999999822e-01 0.000000000000000000e+00
9.825000000000000400e-01 0.000000000000000000e+00
9.849999999999999867e-01 0.000000000000000000e+00
9.875000000000000444e-01 0.000000000000000000e+00
9.899999999999999911e-01 0.000000000000000000e+00
9.925000000000000488e-01 0.000000000000000000e+00
9.949999999999999956e-01 0.000000000000000000e+00
9.975000000000000533e-01 0.000000000000000000e+00
1.000000000000000000e+00 0.000000000000000000e+00
1.002499999999999947e+00 0.000000000000000000e+00
1.004999999999999893e+00 0.000000000000000000e+00
1.007500000000000062e+00 0.000000000000000000e+00
1.010000000000000009e+00 0.000000000000000000e+00
1.012499999999999956e+00 0.000000000000000000e+00
1.014999999999999902e+00 0.000000000000000000e+00
1.017500000000000071e+00 0.000000000000000000e+00
1.020000000000000018e+00 0.000000000000000000e+00
1.022499999999999964e+00 0.000000000000000000e+00
1.024999999999999911e+00 0.000000000000000000e+00
1.027500000000000080e+00 0.000000000000000000e+00
1.030000000000000027e+00 0.000000000000000000e+00
1.032499999999999973e+00 0.000000000000000000e+00
1.034999999999999920e+00 0.000000000000000000e+00
1.037500000000000089e+00 0.000000000000000000e+00
1.040000000000000036e+00 0.000000000000000000e+00
1.042499999999999982e+00 0.000000000000000000e+00
1.044999999999999929e+00 0.000000000000000000e+00
1.047500000000000098e+00 0.000000000000000000e+00
1.050000000000000044e+00 0.000000000000000000e+00
1.052499999999999991e+00 0.000000000000000000e+00
1.054999999999999938e+00 0.000000000000000000e+00
1.057500000000000107e+00 0.000000000000000000e+00
1.060000000000000053e+00 0.000000000000000000e+00
1.062500000000000000e+00 0.000000000000000000e+00
1.064999999999999947e+00 0.000000000000000000e+00
1.067499999999999893e+00 0.000000000000000000e+00
1.070000000000000062e+00 0.000000000000000000e+00
1.072500000000000009e+00 0.000000000000000000e+00
1.074999999999999956e+00 0.000000000000000000e+00
1.077499999999999902e+00 0.000000000000000000e+00
1.080000000000000071e+00 0.000000000000000000e+00
1.082500000000000018e+00 0.000000000000000000e+00
1.084999999999999964e+00 0.000000000000000000e+00
1.087499999999999911e+00 0.000000000000000000e+00
1.090000000000000080e+00 0.000000000000000000e+00
1.092500000000000027e+00 0.000000000000000000e+00
1.094999999999999973e+00 0.000000000000000000e+00
1.097499999999999920e+00 0.000000000000000000e+00
1.100000000000000089e+00 0.000000000000000000e+00
1.102500000000000036e+00 0.000000000000000000e+00
1.104999999999999982e+00 0.000000000000000000e+00
1.107499999999999929e+00 0.000000000000000000e+00
1.110000000000000098e+00 0.000000000000000000e+00
1.112500000000000044e+00 0.000000000000000000e+00
1.114999999999999991e+00 0.000000000000000000e+00
1.117499999999999938e+00 0.000000000000000000e+00
1.120000000000000107e+00 0.000000000000000000e+00
1.122500000000000053e+00 0.000000000000000000e+00
1.125000000000000000e+00 0.000000000000000000e+00
1.127499999999999947e+00 0.000000000000000000e+00
1.129999999999999893e+00 0.000000000000000000e+00
1.132500000000000062e+00 0.000000000000000000e+00
1.135000000000000009e+00 0.000000000000000000e+00
1.137499999999999956e+00 0.000000000000000000e+00
1.139999999999999902e+00 0.000000000000000000e+00
1.142500000000000071e+00 0.000000000000000000e+00
1.145000000000000018e+00 0.000000000000000000e+00
1.147499999999999964e+00 0.000000000000000000e+00
1.149999999999999911e+00 0.000000000000000000e+00
1.152500000000000080e+00 0.000000000000000000e+00
1.155000000000000027e+00 0.000000000000000000e+00
1.157499999999999973e+00 0.000000000000000000e+00
1.159999999999999920e+00 0.000000000000000000e+00
1.162500000000000089e+00 0.000000000000000000e+00
1.165000000000000036e+00 0.000000000000000000e+00
1.167499999999999982e+00 0.000000000000000000e+00
1.169999999999999929e+00 0.000000000000000000e+00
1.172500000000000098e+00 0.000000000000000000e+00
1.175000000000000044e+00 0.000000000000000000e+00
1.177499999999999991e+00 0.000000000000000000e+00
1.179999999999999938e+00 0.000000000000000000e+00
1.182500000000000107e+00 0.000000000000000000e+00
1.185000000000000053e+00 0.000000000000000000e+00
1.187500000000000000e+00 0.000000000000000000e+00
1.189999999999999947e+00 0.000000000000000000e+00
1.192499999999999893e+00 0.000000000000000000e+00
1.195000000000000062e+00 0.000000000000000000e+00
1.197500000000000009e+00 0.000000000000000000e+00
1.199999999999999956e+00 0.000000000000000000e+00
1.202499999999999902e+00 0.000000000000000000e+00
1.205000000000000071e+00 0.000000000000000000e+00
1.207500000000000018e+00 0.000000000000000000e+00
1.209999999999999964e+00 0.000000000000000000e+00
1.212499999999999911e+00 0.000000000000000000e+00
1.215000000000000080e+00 0.000000000000000000e+00
1.217500000000000027e+00 0.000000000000000000e+00
1.219999999999999973e+00 0.000000000000000000e+00
1.222499999999999920e+00 0.000000000000000000e+00
1.225000000000000089e+00 0.000000000000000000e+00
1.227500000000000036e+00 0.000000000000000000e+00
1.229999999999999982e+00 0.000000000000000000e+00
1.232499999999999929e+00 0.000000000000000000e+00
1.235000000000000098e+00 0.000000000000000000e+00
1.237500000000000044e+00 0.000000000000000000e+00
1.239999999999999991e+00 0.000000000000000000e+00
1.242499999999999938e+00 0.000000000000000000e+00
1.245000000000000107e+00 0.000000000000000000e+00
1.247500000000000053e+00 0.000000000000000000e+00
1.250000000000000000e+00 0.000000000000000000e+00
1.252499999999999947e+00 0.000000000000000000e+00
1.254999999999999893e+00 0.000000000000000000e+00
1.257500000000000062e+00 0.000000000000000000e+00
1.260000000000000009e+00 0.000000000000000000e+00
1.262499999999999956e+00 0.000000000000000000e+00
1.264999999999999902e+00 0.000000000000000000e+00
1.267500000000000071e+00 0.000000000000000000e+00
1.270000000000000018e+00 0.000000000000000000e+00
1.272499999999999964e+00 0.000000000000000000e+00
1.274999999999999911e+00 0.000000000000000000e+00
1.277500000000000080e+00 0.000000000000000000e+00
1.280000000000000027e+00 0.000000000000000000e+00
1.282499999999999973e+00 0.000000000000000000e+00
1.284999999999999920e+00 0.000000000000000000e+00
1.287500000000000089e+00 0.000000000000000000e+00
1.290000000000000036e+00 0.000000000000000000e+00
1.292499999999999982e+00 0.000000000000000000e+00
1.294999999999999929e+00 0.000000000000000000e+00
1.297500000000000098e+00 0.000000000000000000e+00
1.300000000000000044e+00 0.000000000000000000e+00
1.302499999999999991e+00 0.000000000000000000e+00
1.304999999999999938e+00 0.000000000000000000e+00
1.307500000000000107e+00 0.000000000000000000e+00
1.310000000000000053e+00 0.000000000000000000e+00
1.312500000000000000e+00 0.000000000000000000e+00
1.314999999999999947e+00 0.000000000000000000e+00
1.317499999999999893e+00 0.000000000000000000e+00
1.320000000000000062e+00 0.000000000000000000e+00
1.322500000000000009e+00 0.000000000000000000e+00
1.324999999999999956e+00 0.000000000000000000e+00
1.327499999999999902e+00 0.000000000000000000e+00
1.330000000000000071e+00 0.000000000000000000e+00
1.332500000000000018e+00 0.000000000000000000e+00
1.334999999999999964e+00 0.000000000000000000e+00
1.337499999999999911e+00 0.000000000000000000e+00
1.340000000000000080e+00 0.000000000000000000e+00
1.342500000000000027e+00 0.000000000000000000e+00
1.344999999999999973e+00 0.000000000000000000e+00
1.347499999999999920e+00 0.000000000000000000e+00
1.350000000000000089e+00 0.000000000000000000e+00
1.352500000000000036e+00 0.000000000000000000e+00
1.354999999999999982e+00 0.000000000000000000e+00
1.357499999999999929e+00 0.000000000000000000e+00
1.360000000000000098e+00 0.000000000000000000e+00
1.362500000000000044e+00 0.000000000000000000e+00
1.364999999999999991e+00 0.000000000000000000e+00
1.367499999999999938e+00 0.000000000000000000e+00
1.370000000000000107e+00 0.000000000000000000e+00
1.372500000000000053e+00 0.000000000000000000e+00
1.375000000000000000e+00 0.000000000000000000e+00
1.377499999999999947e+00 0.000000000000000000e+00
1.379999999999999893e+00 0.000000000000000000e+00
1.382500000000000062e+00 0.000000000000000000e+00
1.385000000000000009e+00 0.000000000000000000e+00
1.387499999999999956e+00 0.000000000000000000e+00
1.389999999999999902e+00 0.000000000000000000e+00
1.392500000000000071e+00 0.000000000000000000e+00
1.395000000000000018e+00 0.000000000000000000e+00
1.397499999999999964e+00 0.000000000000000000e+00
1.399999999999999911e+00 0.000000000000000000e+00
1.402500000000000080e+00 0.000000000000000000e+00
1.405000000000000027e+00 0.000000000000000000e+00
1.407499999999999973e+00 0.000000000000000000e+00
1.409999999999999920e+00 0.000000000000000000e+00
1.412500000000000089e+00 0.000000000000000000e+00
1.415000000000000036e+00 0.000000000000000000e+00
1.417499999999999982e+00 0.000000000000000000e+00
1.419999999999999929e+00 0.000000000000000000e+00
1.422500000000000098e+00 0.000000000000000000e+00
1.425000000000000044e+00 0.000000000000000000e+00
1.427499999999999991e+00 0.000000000000000000e+00
1.429999999999999938e+00 0.000000000000000000e+00
1.432500000000000107e+00 0.000000000000000000e+00
1.435000000000000053e+00 0.000000000000000000e+00
1.437500000000000000e+00 0.000000000000000000e+00
1.439999999999999947e+00 0.000000000000000000e+00
1.442499999999999893e+00 0.000000000000000000e+00
1.445000000000000062e+00 0.000000000000000000e+00
1.447500000000000009e+00 0.000000000000000000e+00
1.449999999999999956e+00 0.000000000000000000e+00
1.452499999999999902e+00 0.000000000000000000e+00
1.455000000000000071e+00 0.000000000000000000e+00
1.457500000000000018e+00 0.000000000000000000e+00
1.459999999999999964e+00 0.000000000000000000e+00
1.462499999999999911e+00 0.000000000000000000e+00
1.465000000000000080e+00 0.000000000000000000e+00
1.467500000000000027e+00 0.000000000000000000e+00
1.469999999999999973e+00 0.000000000000000000e+00
1.472499999999999920e+00 0.000000000000000000e+00
1.475000000000000089e+00 0.000000000000000000e+00
1.477500000000000036e+00 0.000000000000000000e+00
1.479999999999999982e+00 0.000000000000000000e+00
1.482499999999999929e+00 0.000000000000000000e+00
1.485000000000000098e+00 0.000000000000000000e+00
1.487500000000000044e+00 0.000000000000000000e+00
1.489999999999999991e+00 0.000000000000000000e+00
1.492499999999999938e+00 0.000000000000000000e+00
1.495000000000000107e+00 0.000000000000000000e+00
1.497500000000000053e+00 0.000000000000000000e+00
1.500000000000000000e+00 0.000000000000000000e+00
1.502499999999999947e+00 0.000000000000000000e+00
1.504999999999999893e+00 0.000000000000000000e+00
1.507500000000000062e+00 0.000000000000000000e+00
1.510000000000000009e+00 0.000000000000000000e+00
1.512499999999999956e+00 0.000000000000000000e+00
1.514999999999999902e+00 0.000000000000000000e+00
1.517500000000000071e+00 0.000000000000000000e+00
1.520000000000000018e+00 0.000000000000000000e+00
1.522499999999999964e+00 0.000000000000000000e+00
1.524999999999999911e+00 0.000000000000000000e+00
1.527500000000000080e+00 0.000000000000000000e+00
1.530000000000000027e+00 0.000000000000000000e+00
1.532499999999999973e+00 0.000000000000000000e+00
1.534999999999999920e+00 0.000000000000000000e+00
1.537500000000000089e+00 0.000000000000000000e+00
1.540000000000000036e+00 0.000000000000000000e+00
1.542499999999999982e+00 0.000000000000000000e+00
1.544999999999999929e+00 0.000000000000000000e+00
1.547500000000000098e+00 0.000000000000000000e+00
1.550000000000000044e+00 0.000000000000000000e+00
1.552499999999999991e+00 0.000000000000000000e+00
1.554999999999999938e+00 0.000000000000000000e+00
1.557500000000000107e+00 0.000000000000000000e+00
1.560000000000000053e+00 0.000000000000000000e+00
1.562500000000000000e+00 0.000000000000000000e+00
1.564999999999999947e+00 0.000000000000000000e+00
1.567499999999999893e+00 0.000000000000000000e+00
1.570000000000000062e+00 0.000000000000000000e+00
1.572500000000000009e+00 0.000000000000000000e+00
1.574999999999999956e+00 0.000000000000000000e+00
1.577499999999999902e+00 0.000000000000000000e+00
1.580000000000000071e+00 0.000000000000000000e+00
1.582500000000000018e+00 0.000000000000000000e+00
1.584999999999999964e+00 0.000000000000000000e+00
1.587499999999999911e+00 0.000000000000000000e+00
1.590000000000000080e+00 0.000000000000000000e+00
1.592500000000000027e+00 0.000000000000000000e+00
1.594999999999999973e+00 0.000000000000000000e+00
1.597499999999999920e+00 0.000000000000000000e+00
1.600000000000000089e+00 0.000000000000000000e+00
1.602500000000000036e+00 0.000000000000000000e+00
1.604999999999999982e+00 0.000000000000000000e+00
1.607499999999999929e+00 0.000000000000000000e+00
1.610000000000000098e+00 0.000000000000000000e+00
1.612500000000000044e+00 0.000000000000000000e+00
1.614999999999999991e+00 0.000000000000000000e+00
1.617499999999999938e+00 0.000000000000000000e+00
1.620000000000000107e+00 0.000000000000000000e+00
1.622500000000000053e+00 0.000000000000000000e+00
1.625000000000000000e+00 0.000000000000000000e+00
1.627499999999999947e+00 0.000000000000000000e+00
1.629999999999999893e+00 0.000000000000000000e+00
1.632500000000000062e+00 0.000000000000000000e+00
1.635000000000000009e+00 0.000000000000000000e+00
1.637499999999999956e+00 0.000000000000000000e+00
1.639999999999999902e+00 0.000000000000000000e+00
1.642500000000000071e+00 0.000000000000000000e+00
1.645000000000000018e+00 0.000000000000000000e+00
1.647499999999999964e+00 0.000000000000000000e+00
1.649999999999999911e+00 0.000000000000000000e+00
1.652500000000000080e+00 0.000000000000000000e+00
1.655000000000000027e+00 0.000000000000000000e+00
1.657499999999999973e+00 0.000000000000000000e+00
1.659999999999999920e+00 0.000000000000000000e+00
1.662500000000000089e+00 0.000000000000000000e+00
1.665000000000000036e+00 0.000000000000000000e+00
1.667499999999999982e+00 0.000000000000000000e+00
1.669999999999999929e+00 0.000000000000000000e+00
1.672500000000000098e+00 0.000000000000000000e+00
1.675000000000000044e+00 0.000000000000000000e+00
1.677499999999999991e+00 0.000000000000000000e+00
1.679999999999999938e+00 0.000000000000000000e+00
1.682500000000000107e+00 0.000000000000000000e+00
1.685000000000000053e+00 0.000000000000000000e+00
1.687500000000000000e+00 0.000000000000000000e+00
1.689999999999999947e+00 0.000000000000000000e+00
1.692499999999999893e+00 0.000000000000000000e+00
1.695000000000000062e+00 0.000000000000000000e+00
1.697500000000000009e+00 0.000000000000000000e+00
1.699999999999999956e+00 0.000000000000000000e+00
1.702499999999999902e+00 0.000000000000000000e+00
1.705000000000000071e+00 0.000000000000000000e+00
1.707500000000000018e+00 0.000000000000000000e+00
1.709999999999999964e+00 0.000000000000000000e+00
1.712499999999999911e+00 0.000000000000000000e+00
1.715000000000000080e+00 0.000000000000000000e+00
1.717500000000000027e+00 0.000000000000000000e+00
1.719999999999999973e+00 0.000000000000000000e+00
1.722499999999999920e+00 0.000000000000000000e+00
1.725000000000000089e+00 0.000000000000000000e+00
1.727500000000000036e+00 0.000000000000000000e+00
1.729999999999999982e+00 0.000000000000000000e+00
1.732499999999999929e+00 0.000000000000000000e+00
1.735000000000000098e+00 0.000000000000000000e+00
1.737500000000000044e+00 0.000000000000000000e+00
1.739999999999999991e+00 0.000000000000000000e+00
1.742499999999999938e+00 0.000000000000000000e+00
1.745000000000000107e+00 0.000000000000000000e+00
1.747500000000000053e+00 0.000000000000000000e+00
1.750000000000000000e+00 0.000000000000000000e+00
1.752499999999999947e+00 0.000000000000000000e+00
1.754999999999999893e+00 0.000000000000000000e+00
1.757500000000000062e+00 0.000000000000000000e+00
1.760000000000000009e+00 0.000000000000000000e+00
1.762499999999999956e+00 0.000000000000000000e+00
1.764999999999999902e+00 0.000000000000000000e+00
1.767500000000000071e+00 0.000000000000000000e+00
1.770000000000000018e+00 0.000000000000000000e+00
1.772499999999999964e+00 0.000000000000000000e+00
1.774999999999999911e+00 0.000000000000000000e+00
1.777500000000000080e+00 0.000000000000000000e+00
1.780000000000000027e+00 0.000000000000000000e+00
1.782499999999999973e+00 0.000000000000000000e+00
1.784999999999999920e+00 0.000000000000000000e+00
1.787500000000000089e+00 0.000000000000000000e+00
1.790000000000000036e+00 0.000000000000000000e+00
1.792499999999999982e+00 0.000000000000000000e+00
1.794999999999999929e+00 0.000000000000000000e+00
1.797500000000000098e+00 0.000000000000000000e+00
1.800000000000000044e+00 0.000000000000000000e+00
1.802499999999999991e+00 0.000000000000000000e+00
1.804999999999999938e+00 0.000000000000000000e+00
1.807500000000000107e+00 0.000000000000000000e+00
1.810000000000000053e+00 0.000000000000000000e+00
1.812500000000000000e+00 0.000000000000000000e+00
1.814999999999999947e+00 0.000000000000000000e+00
1.817499999999999893e+00 0.000000000000000000e+00
1.820000000000000062e+00 0.000000000000000000e+00
1.822500000000000009e+00 0.000000000000000000e+00
1.824999999999999956e+00 0.000000000000000000e+00
1.827499999999999902e+00 0.000000000000000000e+00
1.830000000000000071e+00 0.000000000000000000e+00
1.832500000000000018e+00 0.000000000000000000e+00
1.834999999999999964e+00 0.000000000000000000e+00
1.837499999999999911e+00 0.000000000000000000e+00
1.840000000000000080e+00 0.000000000000000000e+00
1.842500000000000027e+00 0.000000000000000000e+00
1.844999999999999973e+00 0.000000000000000000e+00
1.847499999999999920e+00 0.000000000000000000e+00
1.850000000000000089e+00 0.000000000000000000e+00
1.852500000000000036e+00 0.000000000000000000e+00
1.854999999999999982e+00 0.000000000000000000e+00
1.857499999999999929e+00 0.000000000000000000e+00
1.860000000000000098e+00 0.000000000000000000e+00
1.862500000000000044e+00 0.000000000000000000e+00
1.864999999999999991e+00 0.000000000000000000e+00
1.867499999999999938e+00 0.000000000000000000e+00
1.870000000000000107e+00 0.000000000000000000e+00
1.872500000000000053e+00 0.000000000000000000e+00
1.875000000000000000e+00 0.000000000000000000e+00
1.877499999999999947e+00 0.000000000000000000e+00
1.879999999999999893e+00 0.000000000000000000e+00
1.882500000000000062e+00 0.000000000000000000e+00
1.885000000000000009e+00 0.000000000000000000e+00
1.887499999999999956e+00 0.000000000000000000e+00
1.889999999999999902e+00 0.000000000000000000e+00
1.892500000000000071e+00 0.000000000000000000e+00
1.895000000000000018e+00 0.000000000000000000e+00
1.897499999999999964e+00 0.000000000000000000e+00
1.899999999999999911e+00 0.000000000000000000e+00
1.902500000000000080e+00 0.000000000000000000e+00
1.905000000000000027e+00 0.000000000000000000e+00
1.907499999999999973e+00 0.000000000000000000e+00
1.909999999999999920e+00 0.000000000000000000e+00
1.912500000000000089e+00 0.000000000000000000e+00
1.915000000000000036e+00 0.000000000000000000e+00
1.917499999999999982e+00 0.000000000000000000e+00
1.919999999999999929e+00 0.000000000000000000e+00
1.922500000000000098e+00 0.000000000000000000e+00
1.925000000000000044e+00 0.000000000000000000e+00
1.927499999999999991e+00 0.000000000000000000e+00
1.929999999999999938e+00 0.000000000000000000e+00
1.932500000000000107e+00 0.000000000000000000e+00
1.935000000000000053e+00 0.000000000000000000e+00
1.937500000000000000e+00 0.000000000000000000e+00
1.939999999999999947e+00 0.000000000000000000e+00
1.942499999999999893e+00 0.000000000000000000e+00
1.945000000000000062e+00 0.000000000000000000e+00
1.947500000000000009e+00 0.000000000000000000e+00
1.949999999999999956e+00 0.000000000000000000e+00
1.952499999999999902e+00 0.000000000000000000e+00
1.955000000000000071e+00 0.000000000000000000e+00
1.957500000000000018e+00 0.000000000000000000e+00
1.959999999999999964e+00 0.000000000000000000e+00
1.962499999999999911e+00 0.000000000000000000e+00
1.965000000000000080e+00 0.000000000000000000e+00
1.967500000000000027e+00 0.000000000000000000e+00
1.969999999999999973e+00 0.000000000000000000e+00
1.972499999999999920e+00 0.000000000000000000e+00
1.975000000000000089e+00 0.000000000000000000e+00
1.977500000000000036e+00 0.000000000000000000e+00
1.979999999999999982e+00 0.000000000000000000e+00
1.982499999999999929e+00 0.000000000000000000e+00
1.985000000000000098e+00 0.000000000000000000e+00
1.987500000000000044e+00 0.000000000000000000e+00
1.989999999999999991e+00 0.000000000000000000e+00
1.992499999999999938e+00 0.000000000000000000e+00
1.995000000000000107e+00 0.000000000000000000e+00
1.997500000000000053e+00 0.000000000000000000e+00
2.000000000000000000e+00 0.000000000000000000e+00
2.002499999999999947e+00 0.000000000000000000e+00
2.004999999999999893e+00 0.000000000000000000e+00
2.007499999999999840e+00 0.000000000000000000e+00
2.009999999999999787e+00 0.000000000000000000e+00
2.012500000000000178e+00 0.000000000000000000e+00
2.015000000000000124e+00 0.000000000000000000e+00
2.017500000000000071e+00 0.000000000000000000e+00
2.020000000000000018e+00 0.000000000000000000e+00
2.022499999999999964e+00 0.000000000000000000e+00
2.024999999999999911e+00 0.000000000000000000e+00
2.027499999999999858e+00 0.000000000000000000e+00
2.029999999999999805e+00 0.000000000000000000e+00
2.032500000000000195e+00 0.000000000000000000e+00
2.035000000000000142e+00 0.000000000000000000e+00
2.037500000000000089e+00 0.000000000000000000e+00
2.040000000000000036e+00 0.000000000000000000e+00
2.042499999999999982e+00 0.000000000000000000e+00
2.044999999999999929e+00 0.000000000000000000e+00
2.047499999999999876e+00 0.000000000000000000e+00
2.049999999999999822e+00 0.000000000000000000e+00
2.052500000000000213e+00 0.000000000000000000e+00
2.055000000000000160e+00 0.000000000000000000e+00
2.057500000000000107e+00 0.000000000000000000e+00
2.060000000000000053e+00 0.000000000000000000e+00
2.062500000000000000e+00 0.000000000000000000e+00
2.064999999999999947e+00 0.000000000000000000e+00
2.067499999999999893e+00 0.000000000000000000e+00
2.069999999999999840e+00 0.000000000000000000e+00
2.072499999999999787e+00 0.000000000000000000e+00
2.075000000000000178e+00 0.000000000000000000e+00
2.077500000000000124e+00 0.000000000000000000e+00
2.080000000000000071e+00 0.000000000000000000e+00
2.082500000000000018e+00 0.000000000000000000e+00
2.084999999999999964e+00 0.000000000000000000e+00
2.087499999999999911e+00 0.000000000000000000e+00
2.089999999999999858e+00 0.000000000000000000e+00
2.092499999999999805e+00 0.000000000000000000e+00
2.095000000000000195e+00 0.000000000000000000e+00
2.097500000000000142e+00 0.000000000000000000e+00
2.100000000000000089e+00 0.000000000000000000e+00
2.102500000000000036e+00 0.000000000000000000e+00
2.104999999999999982e+00 0.000000000000000000e+00
2.107499999999999929e+00 0.000000000000000000e+00
2.109999999999999876e+00 0.000000000000000000e+00
2.112499999999999822e+00 0.000000000000000000e+00
2.115000000000000213e+00 0.000000000000000000e+00
2.117500000000000160e+00 0.000000000000000000e+00
2.120000000000000107e+00 0.000000000000000000e+00
2.122500000000000053e+00 0.000000000000000000e+00
2.125000000000000000e+00 0.000000000000000000e+00
2.127499999999999947e+00 0.000000000000000000e+00
2.129999999999999893e+00 0.000000000000000000e+00
2.132499999999999840e+00 0.000000000000000000e+00
2.134999999999999787e+00 0.000000000000000000e+00
2.137500000000000178e+00 0.000000000000000000e+00
2.140000000000000124e+00 0.000000000000000000e+00
2.142500000000000071e+00 0.000000000000000000e+00
2.145000000000000018e+00 0.000000000000000000e+00
2.147499999999999964e+00 0.000000000000000000e+00
2.149999999999999911e+00 0.000000000000000000e+00
2.152499999999999858e+00 0.000000000000000000e+00
2.154999999999999805e+00 0.000000000000000000e+00
2.157500000000000195e+00 0.000000000000000000e+00
2.160000000000000142e+00 0.000000000000000000e+00
2.162500000000000089e+00 0.000000000000000000e+00
2.165000000000000036e+00 0.000000000000000000e+00
2.167499999999999982e+00 0.000000000000000000e+00
2.169999999999999929e+00 0.000000000000000000e+00
2.172499999999999876e+00 0.000000000000000000e+00
2.174999999999999822e+00 0.000000000000000000e+00
2.177500000000000213e+00 0.000000000000000000e+00
2.180000000000000160e+00 0.000000000000000000e+00
2.182500000000000107e+00 0.000000000000000000e+00
2.185000000000000053e+00 0.000000000000000000e+00
2.187500000000000000e+00 0.000000000000000000e+00
2.189999999999999947e+00 0.000000000000000000e+00
2.192499999999999893e+00 0.000000000000000000e+00
2.194999999999999840e+00 0.000000000000000000e+00
2.197499999999999787e+00 0.000000000000000000e+00
2.200000000000000178e+00 0.000000000000000000e+00
2.202500000000000124e+00 0.000000000000000000e+00
2.205000000000000071e+00 0.000000000000000000e+00
2.207500000000000018e+00 0.000000000000000000e+00
2.209999999999999964e+00 0.000000000000000000e+00
2.212499999999999911e+00 0.000000000000000000e+00
2.214999999999999858e+00 0.000000000000000000e+00
2.217499999999999805e+00 0.000000000000000000e+00
2.220000000000000195e+00 0.000000000000000000e+00
2.222500000000000142e+00 0.000000000000000000e+00
2.225000000000000089e+00 0.000000000000000000e+00
2.227500000000000036e+00 0.000000000000000000e+00
2.229999999999999982e+00 0.000000000000000000e+00
2.232499999999999929e+00 0.000000000000000000e+00
2.234999999999999876e+00 0.000000000000000000e+00
2.237499999999999822e+00 0.000000000000000000e+00
2.240000000000000213e+00 0.000000000000000000e+00
2.242500000000000160e+00 0.000000000000000000e+00
2.245000000000000107e+00 0.000000000000000000e+00
2.247500000000000053e+00 0.000000000000000000e+00
2.250000000000000000e+00 0.000000000000000000e+00
2.252499999999999947e+00 0.000000000000000000e+00
2.254999999999999893e+00 0.000000000000000000e+00
2.257499999999999840e+00 0.000000000000000000e+00
2.259999999999999787e+00 0.000000000000000000e+00
2.262500000000000178e+00 0.000000000000000000e+00
2.265000000000000124e+00 0.000000000000000000e+00
2.267500000000000071e+00 0.000000000000000000e+00
2.270000000000000018e+00 0.000000000000000000e+00
2.272499999999999964e+00 0.000000000000000000e+00
2.274999999999999911e+00 0.000000000000000000e+00
2.277499999999999858e+00 0.000000000000000000e+00
2.279999999999999805e+00 0.000000000000000000e+00
2.282500000000000195e+00 0.000000000000000000e+00
2.285000000000000142e+00 0.000000000000000000e+00
2.287500000000000089e+00 0.000000000000000000e+00
2.290000000000000036e+00 0.000000000000000000e+00
2.292499999999999982e+00 0.000000000000000000e+00
2.294999999999999929e+00 0.000000000000000000e+00
2.297499999999999876e+00 0.000000000000000000e+00
2.299999999999999822e+00 0.000000000000000000e+00
2.302500000000000213e+00 0.000000000000000000e+00
2.305000000000000160e+00 0.000000000000000000e+00
2.307500000000000107e+00 0.000000000000000000e+00
2.310000000000000053e+00 0.000000000000000000e+00
2.312500000000000000e+00 0.000000000000000000e+00
2.314999999999999947e+00 0.000000000000000000e+00
2.317499999999999893e+00 0.000000000000000000e+00
2.319999999999999840e+00 0.000000000000000000e+00
2.322499999999999787e+00 0.000000000000000000e+00
2.325000000000000178e+00 0.000000000000000000e+00
2.327500000000000124e+00 0.000000000000000000e+00
2.330000000000000071e+00 0.000000000000000000e+00
2.332500000000000018e+00 0.000000000000000000e+00
2.334999999999999964e+00 0.000000000000000000e+00
2.337499999999999911e+00 0.000000000000000000e+00
2.339999999999999858e+00 0.000000000000000000e+00
2.342499999999999805e+00 0.000000000000000000e+00
2.345000000000000195e+00 0.000000000000000000e+00
2.347500000000000142e+00 0.000000000000000000e+00
2.350000000000000089e+00 0.000000000000000000e+00
2.352500000000000036e+00 0.000000000000000000e+00
2.354999999999999982e+00 0.000000000000000000e+00
2.357499999999999929e+00 0.000000000000000000e+00
2.359999999999999876e+00 0.000000000000000000e+00
2.362499999999999822e+00 0.000000000000000000e+00
2.365000000000000213e+00 0.000000000000000000e+00
2.367500000000000160e+00 0.000000000000000000e+00
2.370000000000000107e+00 0.000000000000000000e+00
2.372500000000000053e+00 0.000000000000000000e+00
2.375000000000000000e+00 0.000000000000000000e+00
2.377499999999999947e+00 0.000000000000000000e+00
2.379999999999999893e+00 0.000000000000000000e+00
2.382499999999999840e+00 0.000000000000000000e+00
2.384999999999999787e+00 0.000000000000000000e+00
2.387500000000000178e+00 0.000000000000000000e+00
2.390000000000000124e+00 0.000000000000000000e+00
2.392500000000000071e+00 0.000000000000000000e+00
2.395000000000000018e+00 0.000000000000000000e+00
2.397499999999999964e+00 0.000000000000000000e+00
2.399999999999999911e+00 0.000000000000000000e+00
2.402499999999999858e+00 0.000000000000000000e+00
2.404999999999999805e+00 0.000000000000000000e+00
2.407500000000000195e+00 0.000000000000000000e+00
2.410000000000000142e+00 0.000000000000000000e+00
2.412500000000000089e+00 0.000000000000000000e+00
2.415000000000000036e+00 0.000000000000000000e+00
2.417499999999999982e+00 0.000000000000000000e+00
2.419999999999999929e+00 0.000000000000000000e+00
2.422499999999999876e+00 0.000000000000000000e+00
2.424999999999999822e+00 0.000000000000000000e+00
2.427500000000000213e+00 0.000000000000000000e+00
2.430000000000000160e+00 0.000000000000000000e+00
2.432500000000000107e+00 0.000000000000000000e+00
2.435000000000000053e+00 0.000000000000000000e+00
2.437500000000000000e+00 0.000000000000000000e+00
2.439999999999999947e+00 0.000000000000000000e+00
2.442499999999999893e+00 0.000000000000000000e+00
2.444999999999999840e+00 0.000000000000000000e+00
2.447499999999999787e+00 0.000000000000000000e+00
2.450000000000000178e+00 0.000000000000000000e+00
2.452500000000000124e+00 0.000000000000000000e+00
2.455000000000000071e+00 0.000000000000000000e+00
2.457500000000000018e+00 0.000000000000000000e+00
2.459999999999999964e+00 0.000000000000000000e+00
2.462499999999999911e+00 0.000000000000000000e+00
2.464999999999999858e+00 0.000000000000000000e+00
2.467499999999999805e+00 0.000000000000000000e+00
2.470000000000000195e+00 0.000000000000000000e+00
2.472500000000000142e+00 0.000000000000000000e+00
2.475000000000000089e+00 0.000000000000000000e+00
2.477500000000000036e+00 0.000000000000000000e+00
2.479999999999999982e+00 0.000000000000000000e+00
2.482499999999999929e+00 0.000000000000000000e+00
2.484999999999999876e+00 0.000000000000000000e+00
2.487499999999999822e+00 0.000000000000000000e+00
2.490000000000000213e+00 0.000000000000000000e+00
2.492500000000000160e+00 0.000000000000000000e+00
2.495000000000000107e+00 0.000000000000000000e+00
2.497500000000000053e+00 0.000000000000000000e+00
2.500000000000000000e+00 0.000000000000000000e+00
