0.737500 0.912500
0.000200
0.000400
0.002050
0.003700
0.002350
0.001000
0.019900
0.031500
0.051800
0.069000
0.110000
0.175000
0.271000
0.402000
0.555500
0.705000
0.812000
0.871000
0.895500
0.908000
0.918000
0.926000
0.928000
0.930000
0.925500
0.925000
0.928000
0.923000
0.916500
0.908000
0.903500
0.909000
0.924000
0.946000
0.965500
0.971000
0.969000
0.967000
0.965500
0.967000
0.960500
0.949000
0.931000
0.925000
0.929500
0.943000
0.961000
0.985000
0.992500
0.998000
0.991500
0.994000
0.997000
0.998000
0.999500
0.991000
0.988000
0.969000
0.926500
0.868000
0.817500
0.819000
0.880000
0.854000
0.572500
0.256000
0.103500
0.044000
0.022000
0.011000
0.007050
