1.505000 1.792500
0.001500
0.000000
0.001000
0.011250
0.012000
0.006000
0.013500
0.021000
0.040000
0.053000
0.076000
0.102750
0.148000
0.205250
0.274000
0.366000
0.462000
0.513750
0.578000
0.625000
0.667000
0.709000
0.737000
0.771000
0.808000
0.831500
0.859000
0.875000
0.893000
0.901250
0.896000
0.895250
0.894500
0.887750
0.876000
0.868500
0.872500
0.877250
0.874000
0.860500
0.868000
0.878500
0.899000
0.894000
0.900000
0.902000
0.919000
0.924750
0.929000
0.945500
0.947500
0.953250
0.952000
0.966750
0.961000
0.959750
0.978000
0.958750
0.953500
0.951250
0.951667
0.955000
0.944000
0.934500
0.930500
0.938500
0.948000
0.939750
0.938500
0.947000
0.945000
0.945000
0.955333
0.964750
0.969000
0.973250
0.991000
0.996000
0.997500
0.994500
1.000000
0.991250
0.986500
0.988500
0.989500
0.987500
0.981000
0.981250
0.978000
0.968500
0.960000
0.938250
0.902000
0.854500
0.791000
0.692750
0.607667
0.525750
0.427500
0.342000
0.267000
0.202750
0.158500
0.118750
0.084000
0.072250
0.053500
0.043750
0.039000
0.030500
0.020500
0.021750
0.011000
0.010000
0.006000
0.002000
