     0.430000     0.935000
0.0021
0.0041
0.0081
0.0165
0.0338
0.0755
0.1530
0.2621
0.3604
0.4086
0.4439
0.4812
0.5093
0.5163
0.5297
0.5539
0.5712
0.5583
0.5468
0.5576
0.5870
0.5994
0.5838
0.5640
0.5672
0.5989
0.6295
0.6373
0.6251
0.6234
0.6414
0.6686
0.6817
0.6708
0.6547
0.6502
0.6611
0.6720
0.6672
0.6492
0.6352
0.6449
0.6799
0.7301
0.7754
0.7877
0.7772
0.7620
0.7594
0.7735
0.7940
0.8076
0.8059
0.7900
0.7752
0.7696
0.7757
0.7879
0.7975
0.7994
0.7932
0.7855
0.7808
0.7817
0.7867
0.7944
0.7985
0.7981
0.7959
0.7967
0.8013
0.8096
0.8197
0.8299
0.8364
0.8393
0.8400
0.8443
0.8518
0.8630
0.8759
0.8890
0.8987
0.9053
0.9098
0.9130
0.9186
0.9273
0.9380
0.9477
0.9543
0.9567
0.9548
0.9482
0.9430
0.9414
0.9452
0.9544
0.9673
0.9814
0.9947
0.9994
0.9991
0.9947
0.9881
0.9809
0.9766
0.9757
0.9796
0.9852
0.9913
0.9963
0.9977
0.9946
0.9893
0.9826
0.9759
0.9712
0.9689
0.9694
0.9711
0.9727
0.9732
0.9712
0.9664
0.9581
0.9483
0.9380
0.9282
0.9200
0.9136
0.9093
0.9073
0.9075
0.9074
0.9075
0.9064
0.9050
0.9021
0.8988
0.8946
0.8905
0.8858
0.8809
0.8760
0.8704
0.8644
0.8585
0.8471
0.8408
0.8352
0.8296
0.8249
0.8196
0.8148
0.8102
0.8054
0.7994
0.7929
0.7860
0.7782
0.7688
0.7592
0.7495
0.7398
0.7299
0.7206
0.7115
0.7025
0.6928
0.6830
0.6726
0.6618
0.6506
0.6389
0.6272
0.6154
0.6030
0.5901
0.5764
0.5615
0.5436
0.5239
0.5031
0.4821
0.4641
0.4496
0.4397
0.4332
0.4233
0.3996
0.3517
0.2790
0.1937
0.1219
0.0707
0.0400
0.0237
0.0143
0.0088
0.0056
0.0038
0.0029
