     0.725000     0.937500
0.0023
0.0030
0.0040
0.0059
0.0091
0.0147
0.0243
0.0432
0.0781
0.1409
0.2508
0.4297
0.6415
0.8219
0.9294
0.9804
0.9969
0.9971
0.9759
0.9323
0.8860
0.8504
0.8314
0.8361
0.8522
0.8710
0.8851
0.8848
0.8717
0.8533
0.8302
0.8215
0.8206
0.8263
0.8379
0.8509
0.8597
0.8635
0.8620
0.8583
0.8514
0.8410
0.8283
0.8112
0.7887
0.7643
0.7365
0.7083
0.6836
0.6621
0.6478
0.6408
0.6389
0.6399
0.6465
0.6500
0.6554
0.6607
0.6596
0.6612
0.6557
0.6573
0.6423
0.6304
0.6150
0.5970
0.5779
0.5586
0.5436
0.5338
0.5278
0.5170
0.4897
0.4317
0.3430
0.2382
0.1494
0.0861
0.0485
0.0285
0.0170
0.0104
0.0065
0.0044
0.0033
0.0023
