     0.427500     0.787500
0.0020
0.0039
0.0072
0.0143
0.0284
0.0583
0.1201
0.2490
0.4271
0.5717
0.6417
0.6866
0.7287
0.7554
0.7558
0.7646
0.7930
0.8067
0.7797
0.7648
0.7873
0.8341
0.8561
0.8385
0.8026
0.8005
0.8662
0.9135
0.9225
0.9168
0.9115
0.9352
0.9830
1.0000
0.9785
0.8694
0.6064
0.3050
0.1142
0.0479
0.0242
0.0102
0.0047
0.0030
0.0022
0.0012
0.0007
0.0005
0.0004
0.0003
0.0002
0.0002
0.0002
0.0001
0.0001
0.0000
0.0001
0.0001
0.0001
0.0000
0.0000
0.0001
0.0001
0.0001
0.0000
0.0000
0.0000
0.0000
0.0000
0.0000
0.0000
0.0000
0.0001
0.0001
0.0001
0.0000
0.0001
0.0001
0.0001
0.0000
0.0000
0.0000
0.0000
0.0002
0.0005
0.0002
0.0001
0.0001
0.0001
0.0001
0.0001
0.0000
0.0000
0.0001
0.0000
0.0001
0.0003
0.0028
0.0092
0.0014
0.0003
0.0001
0.0000
0.0000
0.0000
0.0000
0.0001
0.0002
0.0004
0.0016
0.0030
0.0013
0.0003
0.0001
0.0001
0.0000
0.0000
0.0000
0.0000
0.0000
0.0001
0.0003
0.0005
0.0003
0.0002
0.0002
0.0003
0.0003
0.0002
0.0002
0.0001
0.0002
0.0003
0.0007
0.0009
0.0003
0.0001
0.0001
0.0001
0.0001
0.0001
0.0002
0.0005
0.0056
0.0074
