      410.000  0.000100000      0.00000      0.00000      0.00000  0.000100000
      412.500  0.000125000      0.00000      0.00000      0.00000  0.000100000
      415.000  0.000200000      0.00000      0.00000      0.00000  0.000100000
      417.500  0.000275000      0.00000      0.00000      0.00000  0.000175000
      420.000  0.000500000      0.00000      0.00000      0.00000  0.000300000
      422.500  0.000700000      0.00000      0.00000      0.00000  0.000450000
      425.000   0.00125000      0.00000      0.00000      0.00000  0.000750000
      427.500   0.00202500      0.00000      0.00000      0.00000   0.00120000
      430.000   0.00390000      0.00000      0.00000      0.00000   0.00210000
      432.500   0.00720000      0.00000      0.00000      0.00000   0.00410000
      435.000    0.0143500      0.00000      0.00000      0.00000   0.00810000
      437.500    0.0284000      0.00000      0.00000      0.00000    0.0164500
      440.000    0.0583000      0.00000      0.00000      0.00000    0.0338000
      442.500     0.120075      0.00000      0.00000  2.50000e-05    0.0755000
      445.000     0.248950      0.00000      0.00000  0.000100000     0.152950
      447.500     0.427100      0.00000      0.00000  2.50000e-05     0.262050
      450.000     0.571700      0.00000      0.00000      0.00000     0.360400
      452.500     0.641675      0.00000      0.00000      0.00000     0.408600
      455.000     0.686650      0.00000      0.00000  0.000100000     0.443950
      457.500     0.728700      0.00000      0.00000  0.000275000     0.481175
      460.000     0.755400      0.00000      0.00000  0.000100000     0.509300
      462.500     0.755800      0.00000      0.00000  7.50000e-05     0.516350
      465.000     0.764600      0.00000      0.00000      0.00000     0.529700
      467.500     0.793050      0.00000      0.00000  7.50000e-05     0.553925
      470.000     0.806700      0.00000      0.00000  0.000300000     0.571200
      472.500     0.779725  2.50000e-05  0.000100000      0.00000     0.558275
      475.000     0.764750  0.000100000  5.00000e-05      0.00000     0.546750
      477.500     0.787350  2.50000e-05      0.00000      0.00000     0.557575
      480.000     0.834100      0.00000      0.00000  0.000100000     0.587000
      482.500     0.856075  0.000125000  2.50000e-05  7.50000e-05     0.599450
      485.000     0.838550  0.000200000  0.000100000      0.00000     0.583800
      487.500     0.802650  0.000275000  2.50000e-05      0.00000     0.564025
      490.000     0.800500  0.000800000      0.00000      0.00000     0.567200
      492.500     0.866250  0.000725000      0.00000      0.00000     0.598900
      495.000     0.913500  0.000600000      0.00000      0.00000     0.629550
      497.500     0.922500   0.00160000      0.00000      0.00000     0.637250
      500.000     0.916800   0.00380000      0.00000      0.00000     0.625100
      502.500     0.911525   0.00282500      0.00000      0.00000     0.623450
      505.000     0.935250   0.00450000      0.00000      0.00000     0.641450
      507.500     0.982975   0.00700000      0.00000      0.00000     0.668600
      510.000      1.00000   0.00700000      0.00000      0.00000     0.681700
      512.500     0.978450    0.0126250      0.00000      0.00000     0.670750
      515.000     0.869450    0.0320000      0.00000      0.00000     0.654700
      517.500     0.606400    0.0462750      0.00000      0.00000     0.650200
      520.000     0.305000    0.0606000      0.00000      0.00000     0.661100
      522.500     0.114225     0.152200      0.00000      0.00000     0.672025
      525.000    0.0478500     0.296050      0.00000      0.00000     0.667200
      527.500    0.0241500     0.415075      0.00000      0.00000     0.649250
      530.000    0.0102000     0.614900      0.00000      0.00000     0.635200
      532.500   0.00472500     0.726000      0.00000      0.00000     0.644875
      535.000   0.00295000     0.763700      0.00000      0.00000     0.679950
      537.500   0.00215000     0.832525      0.00000      0.00000     0.730100
      540.000   0.00120000     0.884500      0.00000      0.00000     0.775400
      542.500  0.000650000     0.900600      0.00000      0.00000     0.787700
      545.000  0.000500000     0.894050      0.00000      0.00000     0.777250
      547.500  0.000425000     0.879700      0.00000      0.00000     0.762000
      550.000  0.000300000     0.873900      0.00000      0.00000     0.759400
      552.500  0.000200000     0.894525      0.00000      0.00000     0.773450
      555.000  0.000150000     0.929850      0.00000      0.00000     0.793950
      557.500  0.000175000     0.947100      0.00000      0.00000     0.807625
      560.000  0.000100000     0.945100      0.00000      0.00000     0.805900
      562.500  0.000100000     0.945650      0.00000  2.50000e-05     0.790000
      565.000  5.00000e-05     0.936050      0.00000  0.000100000     0.775150
      567.500  7.50000e-05     0.913700      0.00000  0.000175000     0.769600
      570.000  0.000100000     0.919000      0.00000  0.000100000     0.775700
      572.500  0.000100000     0.959850  2.50000e-05      0.00000     0.787850
      575.000  5.00000e-05     0.984650  5.00000e-05      0.00000     0.797500
      577.500      0.00000     0.987100      0.00000      0.00000     0.799425
      580.000  0.000100000     0.982600      0.00000  0.000100000     0.793200
      582.500  0.000100000     0.974625      0.00000  0.000275000     0.785550
      585.000  0.000100000     0.964100      0.00000  0.000100000     0.780800
      587.500  2.50000e-05     0.959275  7.50000e-05      0.00000     0.781675
      590.000      0.00000     0.968300  0.000100000      0.00000     0.786700
      592.500      0.00000     0.991975  0.000200000      0.00000     0.794425
      595.000  5.00000e-05     0.991900  0.000250000      0.00000     0.798500
      597.500  2.50000e-05     0.955000  0.000300000      0.00000     0.798075
      600.000      0.00000     0.810400  0.000400000      0.00000     0.795900
      602.500      0.00000     0.471900  0.000425000      0.00000     0.796700
      605.000      0.00000     0.238050  0.000700000      0.00000     0.801350
      607.500  7.50000e-05     0.151200   0.00157500      0.00000     0.809600
      610.000  0.000100000    0.0984000   0.00430000      0.00000     0.819700
      612.500  7.50000e-05    0.0327500    0.0122000      0.00000     0.829900
      615.000  5.00000e-05   0.00880000    0.0224000      0.00000     0.836450
      617.500  0.000100000   0.00292500    0.0407000      0.00000     0.839250
      620.000  0.000100000   0.00140000    0.0894000      0.00000     0.840000
      622.500  7.50000e-05   0.00107500     0.214500      0.00000     0.844275
      625.000      0.00000   0.00105000     0.435200      0.00000     0.851750
      627.500      0.00000   0.00147500     0.773500      0.00000     0.863050
      630.000      0.00000   0.00180000     0.986400  0.000100000     0.875900
      632.500  2.50000e-05  0.000875000     0.966450      0.00000     0.889000
      635.000  0.000200000  0.000400000     0.983250      0.00000     0.898700
      637.500  0.000525000  0.000150000     0.978075      0.00000     0.905250
      640.000  0.000200000  0.000100000     0.940700  0.000100000     0.909800
      642.500  0.000100000  2.50000e-05     0.954100      0.00000     0.913000
      645.000  0.000100000  5.00000e-05     0.985000      0.00000     0.918600
      647.500  0.000100000      0.00000     0.994300      0.00000     0.927275
      650.000  0.000100000      0.00000     0.995800      0.00000     0.938000
      652.500  0.000100000  0.000100000     0.999625  7.50000e-05     0.947650
      655.000  5.00000e-05  0.000100000     0.999250      0.00000     0.954350
      657.500      0.00000  0.000175000     0.997450  7.50000e-05     0.956700
      660.000  0.000100000  0.000200000     0.985700      0.00000     0.954800
      662.500  2.50000e-05      0.00000     0.958125  2.50000e-05     0.948250
      665.000  0.000100000      0.00000     0.930900  0.000100000     0.942950
      667.500  0.000325000      0.00000     0.917325  0.000100000     0.941400
      670.000   0.00280000      0.00000     0.925700  0.000100000     0.945200
      672.500   0.00922500      0.00000     0.943875  0.000100000     0.954375
      675.000   0.00145000      0.00000     0.936750  0.000100000     0.967300
      677.500  0.000275000      0.00000     0.896175  0.000100000     0.981350
      680.000  0.000100000      0.00000     0.867600  0.000100000     0.994700
      682.500      0.00000      0.00000     0.901350  0.000100000     0.999400
      685.000      0.00000  5.00000e-05     0.940100  0.000100000     0.999050
      687.500      0.00000  0.000100000     0.922075  0.000100000     0.994725
      690.000      0.00000      0.00000     0.898800  0.000100000     0.988100
      692.500  0.000100000      0.00000     0.855300  0.000100000     0.980925
      695.000  0.000150000      0.00000     0.605650  0.000150000     0.976600
      697.500  0.000425000      0.00000     0.342650  0.000200000     0.975725
      700.000   0.00160000      0.00000     0.229800  0.000200000     0.979600
      702.500   0.00297500      0.00000     0.187100  0.000225000     0.985250
      705.000   0.00130000      0.00000     0.114200  0.000350000     0.991300
      707.500  0.000300000      0.00000    0.0514250  0.000550000     0.996300
      710.000  0.000100000      0.00000    0.0255000  0.000700000     0.997700
      712.500  0.000100000      0.00000    0.0170250   0.00105000     0.994625
      715.000  5.00000e-05      0.00000    0.0118500   0.00130000     0.989300
      717.500      0.00000      0.00000   0.00720000   0.00147500     0.982550
      720.000      0.00000  0.000100000   0.00400000   0.00170000     0.975900
      722.500      0.00000  0.000100000   0.00262500   0.00195000     0.971225
      725.000  5.00000e-05  5.00000e-05   0.00195000   0.00230000     0.968950
      727.500  0.000100000      0.00000   0.00172500   0.00295000     0.969375
      730.000  0.000300000      0.00000   0.00160000   0.00400000     0.971100
      732.500  0.000550000      0.00000   0.00132500   0.00592500     0.972675
      735.000  0.000350000      0.00000  0.000950000   0.00910000     0.973200
      737.500  0.000225000      0.00000  0.000575000    0.0146750     0.971250
      740.000  0.000200000      0.00000  0.000300000    0.0243000     0.966400
      742.500  0.000300000      0.00000  0.000275000    0.0431750     0.958100
      745.000  0.000300000      0.00000  0.000200000    0.0780500     0.948300
      747.500  0.000225000      0.00000  0.000200000     0.140900     0.937975
      750.000  0.000200000      0.00000  0.000200000     0.250800     0.928200
      752.500  0.000100000      0.00000  0.000200000     0.429650     0.920000
      755.000  0.000150000      0.00000  0.000200000     0.641500     0.913550
      757.500  0.000275000      0.00000  0.000200000     0.821925     0.909275
      760.000  0.000700000      0.00000  0.000100000     0.929400     0.907300
      762.500  0.000850000      0.00000  0.000100000     0.980400     0.907450
      765.000  0.000300000      0.00000  0.000100000     0.996900     0.907400
      767.500  0.000125000      0.00000  0.000100000     0.997075     0.907525
      770.000  0.000100000      0.00000  0.000100000     0.975900     0.906400
      772.500  0.000100000  0.000150000  0.000100000     0.932325     0.905025
      775.000  0.000100000  0.000600000  0.000100000     0.886050     0.902150
      777.500  0.000100000  0.000450000  0.000100000     0.850350     0.898750
      780.000  0.000200000  0.000100000      0.00000     0.831400     0.894600
      782.500  0.000550000  7.50000e-05  2.50000e-05     0.836125     0.890475
      785.000   0.00560000      0.00000  5.00000e-05     0.852150     0.885800
      787.500   0.00742500      0.00000  7.50000e-05     0.871025     0.880900
      790.000   0.00130000      0.00000  0.000100000     0.885100     0.876000
      792.500  0.000500000      0.00000  0.000100000     0.884750     0.870350
      795.000  0.000150000      0.00000  0.000100000     0.871700     0.864400
      797.500  0.000100000      0.00000  0.000100000     0.853325     0.858525
      800.000      0.00000      0.00000  0.000100000     0.830200     0.847100
      802.500      0.00000      0.00000  0.000100000     0.821500     0.840775
      805.000      0.00000  5.00000e-05  0.000100000     0.820600     0.835150
      807.500      0.00000  0.000100000  2.50000e-05     0.826300     0.829600
      810.000      0.00000  0.000100000  0.000100000     0.837900     0.824900
      812.500      0.00000  0.000100000  0.000100000     0.850900     0.819600
      815.000      0.00000  5.00000e-05  0.000100000     0.859650     0.814800
      817.500      0.00000      0.00000  0.000100000     0.863525     0.810225
      820.000      0.00000      0.00000  0.000100000     0.862000     0.805400
      822.500      0.00000      0.00000      0.00000     0.858300     0.799350
      825.000      0.00000      0.00000      0.00000     0.851400     0.792900
      827.500      0.00000      0.00000      0.00000     0.840975     0.786000
      830.000  0.000100000      0.00000  0.000100000     0.828300     0.778200
      832.500  0.000100000      0.00000  0.000100000     0.811200     0.768825
      835.000  0.000100000      0.00000  0.000100000     0.788700     0.759250
      837.500  2.50000e-05      0.00000  0.000100000     0.764325     0.749525
      840.000  0.000100000      0.00000  0.000100000     0.736500     0.739800
      842.500      0.00000      0.00000      0.00000     0.708325     0.729925
      845.000      0.00000      0.00000      0.00000     0.683600     0.720550
      847.500  7.50000e-05  7.50000e-05      0.00000     0.662100     0.711475
      850.000  0.000100000  0.000100000      0.00000     0.647800     0.702500
      852.500  7.50000e-05  0.000200000      0.00000     0.640800     0.692800
      855.000      0.00000  0.000200000      0.00000     0.638900     0.682950
      857.500      0.00000  0.000200000      0.00000     0.639925     0.672650
      860.000  0.000100000  0.000200000      0.00000     0.646500     0.661800
      862.500      0.00000  0.000100000      0.00000     0.649975     0.650600
      865.000      0.00000  0.000100000      0.00000     0.655350     0.638900
      867.500      0.00000  0.000100000      0.00000     0.660725     0.627200
      870.000      0.00000  0.000100000      0.00000     0.659600     0.615400
      872.500  2.50000e-05  2.50000e-05      0.00000     0.661200     0.602975
      875.000  5.00000e-05  5.00000e-05      0.00000     0.655750     0.590100
      877.500  7.50000e-05  7.50000e-05      0.00000     0.657275     0.576400
      880.000  0.000300000  0.000600000  0.000200000     0.642300     0.561500
      882.500   0.00155000  0.000875000  0.000750000     0.630375     0.543575
      885.000  0.000650000  0.000650000  0.000400000     0.614950     0.523900
      887.500  0.000950000  0.000875000  0.000500000     0.596975     0.503100
      890.000  0.000600000  0.000700000  0.000500000     0.577900     0.482100
      892.500  0.000700000  0.000725000  0.000150000     0.558625     0.464100
      895.000  0.000900000  0.000950000  0.000450000     0.543600     0.449650
      897.500  0.000875000   0.00102500  0.000750000     0.533825     0.439700
      900.000  0.000900000   0.00110000   0.00120000     0.527800     0.433200
      902.500  0.000500000   0.00157500  0.000750000     0.516975     0.423300
      905.000  0.000900000   0.00190000  0.000550000     0.489750     0.399600
      907.500  0.000700000   0.00200000  0.000500000     0.431700     0.351750
      910.000  0.000400000   0.00140000  0.000400000     0.343000     0.279000
      912.500  0.000425000   0.00102500  0.000325000     0.238150     0.193650
      915.000  0.000200000  0.000650000  0.000100000     0.149400     0.121900
      917.500  0.000125000  0.000350000  0.000100000    0.0861500    0.0707000
      920.000  0.000100000  0.000300000      0.00000    0.0485000    0.0400000
      922.500      0.00000  0.000175000      0.00000    0.0284750    0.0237000
      925.000      0.00000  0.000100000      0.00000    0.0170000    0.0143000
      927.500      0.00000  0.000100000      0.00000    0.0104000   0.00880000
      930.000      0.00000  0.000100000      0.00000   0.00650000   0.00560000
      932.500      0.00000  0.000125000      0.00000   0.00442500   0.00382500
      935.000      0.00000  0.000250000      0.00000   0.00335000   0.00290000
      937.500      0.00000  0.000375000      0.00000   0.00227500   0.00197500
      940.000      0.00000  0.000700000      0.00000   0.00160000   0.00140000
      942.500      0.00000   0.00102500      0.00000   0.00115000   0.00102500
      945.000      0.00000  0.000650000      0.00000  0.000900000  0.000700000
      947.500      0.00000  0.000350000      0.00000  0.000650000  0.000525000
      950.000      0.00000  0.000200000      0.00000  0.000500000  0.000400000
      952.500      0.00000  0.000100000      0.00000  0.000375000  0.000300000
      955.000      0.00000  0.000100000      0.00000  0.000300000  0.000250000
      957.500      0.00000  0.000100000      0.00000  0.000300000  0.000200000
      960.000      0.00000  0.000100000      0.00000  0.000200000  0.000200000
      962.500      0.00000  0.000100000      0.00000  0.000175000  0.000100000
      965.000      0.00000  0.000100000      0.00000  0.000100000  0.000100000
      967.500      0.00000  0.000100000      0.00000  0.000100000  0.000100000
      970.000      0.00000      0.00000      0.00000  0.000100000  0.000100000
      972.500      0.00000      0.00000      0.00000  0.000100000  0.000100000
      975.000      0.00000      0.00000      0.00000  0.000100000  0.000100000
      977.500      0.00000      0.00000      0.00000  0.000100000  0.000100000
      980.000      0.00000      0.00000      0.00000  0.000100000  0.000100000
      982.500      0.00000      0.00000      0.00000  7.50000e-05  7.50000e-05
      985.000      0.00000      0.00000      0.00000  5.00000e-05  5.00000e-05
      987.500      0.00000      0.00000      0.00000  2.50000e-05  2.50000e-05
      990.000      0.00000      0.00000      0.00000      0.00000      0.00000
      992.500      0.00000      0.00000      0.00000      0.00000      0.00000
      995.000      0.00000      0.00000      0.00000      0.00000      0.00000
      997.500      0.00000      0.00000      0.00000      0.00000      0.00000
      1000.00      0.00000      0.00000      0.00000      0.00000      0.00000
