0.3525 1.100
3.70000e-07
2.77000e-06
1.30000e-07
9.20000e-07
6.65000e-07
7.00000e-08
4.50000e-08
5.14000e-06
1.90000e-07
1.90000e-07
4.00000e-08
6.00000e-08
8.00000e-08
4.32000e-06
5.92000e-06
4.50500e-05
1.92900e-05
1.97500e-05
2.77000e-05
1.11000e-06
9.80000e-07
8.25800e-05
1.43500e-06
1.88000e-06
3.79200e-05
7.53000e-06
2.01000e-06
4.90000e-07
1.52000e-06
1.97200e-05
7.97000e-06
0.000123910
1.34500e-06
6.72000e-06
0.000130015
1.02700e-05
0.000198500
1.10600e-05
0.000535570
3.37000e-06
2.73000e-06
6.54000e-06
5.63800e-05
2.25000e-06
2.34500e-06
4.45300e-05
4.12100e-05
1.42800e-05
5.82850e-05
4.67700e-05
1.41000e-05
6.84000e-06
5.12500e-06
0.000107490
2.34550e-05
3.39600e-05
0.000301245
5.58600e-05
2.24450e-05
3.59100e-05
3.76650e-05
1.47000e-05
0.000460185
1.65800e-05
3.39150e-05
0.000502410
1.29400e-05
7.60000e-07
4.10000e-07
7.60000e-07
1.82150e-05
2.52900e-05
1.22700e-05
5.05900e-05
0.000129320
1.88900e-05
3.19000e-06
8.90000e-07
9.30000e-07
3.45000e-06
0.000139685
1.08400e-05
1.09650e-05
1.90700e-05
0.000156755
2.97100e-05
4.61500e-06
6.79000e-06
3.51150e-05
8.50000e-07
5.65000e-07
1.98000e-06
1.13900e-05
5.80000e-07
5.80000e-07
1.99000e-06
1.86300e-05
1.72400e-05
0.000201690
0.000198260
0.000208770
3.70300e-05
0.000985055
0.000851130
9.25000e-07
4.00000e-08
1.00000e-08
0.00000
0.00000
0.00000
1.75000e-07
0.00000
0.00000
0.00000
0.00000
0.00000
0.00000
0.00000
0.00000
1.00000e-08
8.00000e-08
3.05000e-06
2.82000e-06
1.51000e-06
5.40000e-07
5.80000e-07
2.66500e-06
1.26100e-05
1.55000e-06
1.00000e-06
1.52500e-06
4.37000e-06
4.96750e-05
0.00100927
0.000125950
0.000182210
0.000815515
0.00890944
0.508816
1.00000
0.935770
0.990424
0.966786
0.931906
0.506260
0.0148341
0.000917095
9.90300e-05
2.33700e-05
8.43000e-06
5.23500e-06
6.06000e-06
4.70000e-05
5.71000e-06
7.50000e-07
2.30000e-07
1.30000e-07
1.00000e-07
1.10000e-07
1.90000e-07
9.10000e-07
1.15000e-06
2.30000e-07
1.20000e-07
1.15000e-07
1.60000e-07
1.35000e-07
5.00000e-08
2.00000e-08
1.00000e-08
1.00000e-08
1.00000e-08
3.00000e-08
2.00000e-07
2.90000e-07
2.00000e-08
1.00000e-08
1.00000e-08
1.00000e-08
1.00000e-08
2.50000e-08
1.50000e-07
1.75000e-07
2.00000e-08
1.00000e-08
1.00000e-08
1.00000e-08
1.00000e-08
1.00000e-08
2.00000e-08
1.15000e-07
9.81000e-06
1.70000e-07
6.00000e-08
5.00000e-08
5.00000e-08
6.50000e-08
7.00000e-08
5.50000e-08
3.00000e-08
2.50000e-08
2.00000e-08
2.00000e-08
3.00000e-08
4.50000e-08
7.00000e-08
1.60000e-07
4.60000e-07
2.85000e-06
0.000174390
2.99150e-05
2.00700e-05
0.000201335
6.53000e-05
9.03000e-06
4.15000e-06
3.56500e-06
4.73000e-06
1.28700e-05
7.46200e-05
1.68250e-05
4.21000e-06
2.29500e-06
1.77000e-06
1.80000e-06
2.31000e-06
3.97000e-06
9.57000e-06
5.23650e-05
0.000286900
7.96550e-05
5.59800e-05
9.37200e-05
5.62200e-05
1.25800e-05
4.22000e-06
2.13500e-06
1.34000e-06
1.02000e-06
8.90000e-07
9.05000e-07
1.05000e-06
1.40500e-06
2.21000e-06
4.37000e-06
1.01200e-05
1.63200e-05
1.06300e-05
6.19000e-06
4.43000e-06
3.95000e-06
4.18000e-06
5.31000e-06
8.05000e-06
1.61000e-05
4.50000e-05
0.000157600
9.87600e-05
3.88500e-05
2.26500e-05
1.79200e-05
1.69100e-05
1.84550e-05
2.22300e-05
2.85050e-05
3.60300e-05
4.14350e-05
4.23500e-05
4.00950e-05
3.77500e-05
3.68300e-05
3.73000e-05
3.87150e-05
3.98200e-05
3.91350e-05
3.63300e-05
3.20350e-05
2.74600e-05
2.32950e-05
1.97120e-05
1.66925e-05
1.40070e-05
1.17025e-05
9.71700e-06
8.08195e-06
6.77160e-06
5.75815e-06
4.97630e-06
4.39300e-06
3.95780e-06
3.64130e-06
3.40000e-06
3.21070e-06
3.04570e-06
2.86865e-06
2.64270e-06
2.30795e-06
1.81180e-06
1.06253e-06
5.96000e-08
