1.100 2.4475
4.80000e-07
3.45000e-07
2.10000e-07
1.15000e-07
6.00000e-08
2.50000e-08
1.00000e-08
0.00000
0.00000
5.00000e-09
1.00000e-08
1.00000e-08
1.00000e-08
1.00000e-08
1.00000e-08
0.00000
1.00000e-08
1.00000e-08
2.00000e-08
2.50000e-08
4.00000e-08
6.00000e-08
8.00000e-08
9.00000e-08
9.00000e-08
8.50000e-08
7.00000e-08
5.50000e-08
3.00000e-08
1.50000e-08
0.00000
0.00000
0.00000
0.00000
0.00000
1.00000e-08
1.00000e-08
2.00000e-08
3.00000e-08
4.00000e-08
5.00000e-08
6.00000e-08
7.00000e-08
7.00000e-08
7.00000e-08
7.00000e-08
6.00000e-08
6.00000e-08
1.10000e-07
2.50000e-07
4.40000e-07
7.40000e-07
1.07000e-06
1.57500e-06
2.13000e-06
2.60500e-06
3.03000e-06
3.61000e-06
3.47000e-06
3.34500e-06
2.87000e-06
1.71500e-06
6.40000e-07
5.10000e-07
1.16000e-06
2.24500e-06
3.86000e-06
7.61000e-06
1.28600e-05
2.04650e-05
2.96400e-05
4.19000e-05
5.35500e-05
6.42650e-05
7.25200e-05
7.66800e-05
7.49700e-05
7.05150e-05
6.35100e-05
4.95350e-05
3.71400e-05
3.07250e-05
3.28700e-05
5.03150e-05
7.18400e-05
0.000101040
0.000130050
0.000156980
0.000177580
0.000191080
0.000199800
0.000206350
0.000230380
0.000246600
0.000272830
0.000303060
0.000346230
0.000399525
0.000376820
0.000469560
0.000459840
0.000355730
0.000437490
0.000286750
0.000219970
0.000190820
0.000128740
8.15650e-05
7.36300e-05
8.23050e-05
0.000119620
0.000131055
0.000114990
0.000216365
0.000182760
0.000220725
0.000172070
0.000124790
0.000175480
8.62400e-05
0.000171180
0.000148155
0.000209060
0.000294105
0.000388330
0.000401465
0.000496450
0.000473435
0.000532570
0.000510910
0.000497390
0.000476375
0.000479590
0.000487405
0.000455920
0.000448800
0.000410990
0.000350670
0.000367400
0.000298880
0.000330740
0.000317835
0.000327700
0.000326565
0.000323230
0.000270785
0.000222700
0.000161335
0.000126800
7.46000e-05
4.27400e-05
2.64450e-05
2.12700e-05
2.19750e-05
2.46400e-05
2.86850e-05
4.16200e-05
6.95950e-05
0.000110920
0.000174260
0.000246180
0.000327355
0.000387500
0.000419810
0.000431100
0.000405520
0.000351730
0.000286620
0.000212920
0.000141220
8.07400e-05
4.31100e-05
2.42500e-05
2.04050e-05
2.03100e-05
2.11350e-05
2.44600e-05
2.44300e-05
2.29800e-05
2.02100e-05
2.00700e-05
1.50000e-05
1.33000e-05
9.38500e-06
7.00000e-06
5.28500e-06
5.37000e-06
3.24000e-06
4.55000e-06
5.24000e-06
6.24000e-06
8.98500e-06
1.54100e-05
4.11000e-05
0.000166300
0.000455765
0.000841070
0.00127669
0.00159271
0.00197368
0.00227875
0.00236259
0.00220575
0.00174664
0.00138757
0.00100426
0.000617740
0.000287740
0.000155180
0.000174860
0.000212130
0.000255290
0.000299180
0.000311545
0.000299480
0.000291285
0.000257370
0.000243870
0.000241730
0.000256590
0.000268400
0.000302965
0.000341130
0.000361670
0.000371490
0.000335755
0.000285550
0.000250660
0.000185600
0.000148305
0.000120740
0.000123830
0.000147050
0.000182770
0.000215240
0.000251795
0.000249270
0.000247195
0.000231520
0.000202910
0.000168300
0.000118395
9.02400e-05
7.91700e-05
0.000188480
0.000521135
0.00103863
0.00166659
0.00239028
0.00292899
0.00344267
0.00370778
0.00360005
0.00320145
0.00242455
0.00174894
0.00108911
0.000504100
0.000112890
6.54000e-06
1.70000e-06
2.65500e-06
2.15000e-06
2.44500e-06
2.00000e-06
3.97500e-06
3.31000e-06
2.52000e-06
5.05000e-06
5.64500e-06
1.00400e-05
2.77700e-05
0.000116000
0.000354425
0.000688850
0.00102668
0.00139157
0.00179843
0.00218392
0.00210960
0.00218270
0.00184849
0.00146999
0.00106211
0.000635440
0.000265615
6.06700e-05
4.82000e-06
7.52000e-06
3.19000e-06
2.83000e-06
3.94500e-06
6.63000e-06
4.96500e-06
9.38000e-06
1.29950e-05
2.99200e-05
6.15350e-05
4.76600e-05
0.000136240
0.000158930
0.000193990
0.000232990
0.000224695
0.000296190
0.000296235
0.000215700
0.000169190
0.000171590
0.000194490
0.000248370
0.000301820
0.000291710
0.000345265
0.000410970
0.000346565
0.000345930
0.000408320
0.000264490
0.000189270
0.000172630
9.04650e-05
7.71600e-05
5.15950e-05
3.12900e-05
3.87050e-05
4.63900e-05
5.94150e-05
0.000139890
0.000262760
0.000374950
0.000513405
0.000684870
0.000699725
0.000717430
0.000686760
0.000600380
0.000445340
0.000313870
0.000199530
9.66000e-05
3.65700e-05
1.24400e-05
7.82500e-06
5.25000e-06
3.41000e-06
4.06000e-06
5.19500e-06
4.22000e-06
2.48000e-06
1.15000e-06
3.18000e-06
4.14000e-06
1.33500e-06
3.33000e-06
3.57000e-06
2.20000e-06
1.78000e-06
1.04000e-06
1.86500e-06
4.26000e-06
2.96500e-06
3.16000e-06
2.34000e-06
2.97000e-06
3.27000e-06
4.32000e-06
5.26500e-06
5.26000e-06
7.06000e-06
7.71000e-06
9.13500e-06
1.39800e-05
1.33950e-05
1.42600e-05
2.12600e-05
2.16600e-05
2.64450e-05
3.79000e-05
4.48800e-05
0.000253070
0.000414515
0.000319300
0.000368060
0.000286050
0.000622980
0.000142870
0.000297245
0.000780270
0.000535235
0.00136967
0.00206456
0.00283151
0.00424588
0.00727498
0.0117355
0.0185559
0.0327308
0.0562732
0.0988889
0.173991
0.299899
0.478823
0.685638
0.860053
0.957885
0.996456
0.997696
0.985029
0.970370
0.959336
0.954412
0.955115
0.961208
0.970684
0.981256
0.990667
0.997054
0.999685
0.997922
0.993033
0.986489
0.980082
0.974977
0.972596
0.972891
0.975734
0.980270
0.984936
0.988535
0.989632
0.986650
0.980083
0.969654
0.956609
0.942498
0.928735
0.916988
0.907952
0.902424
0.900527
0.902211
0.906753
0.913756
0.921863
0.929993
0.937130
0.943026
0.947173
0.949690
0.950947
0.951593
0.952231
0.953122
0.954382
0.955114
0.954844
0.951632
0.944893
0.933255
0.917926
0.899315
0.880442
0.864429
0.854117
0.853516
0.863764
0.883587
0.903617
0.901345
0.853007
0.738949
0.579752
0.414060
0.274475
0.178357
0.115531
0.0758538
0.0511144
0.0353886
0.0241241
0.0181154
0.0132203
0.00931200
0.00766439
0.00610968
0.00425666
0.00411408
0.00263566
0.00237814
0.00240539
0.00159525
0.00106681
0.00170623
0.000761760
0.000930385
0.00122103
0.000425880
0.000990290
0.00106716
0.000491410
0.000534715
0.000498180
0.000448390
0.000427470
0.000409425
0.000371340
0.000360120
0.000357720
0.000336125
0.000317600
0.000317555
0.000316110
0.000311900
0.000311980
0.000341210
0.000332470
0.000337925
0.000358610
0.000398555
0.000402990
0.000420265
0.000454380
0.000459160
0.000486420
0.000554525
0.000622260
0.000671560
0.000773570
0.000916215
0.00113499
0.00133132
0.00151928
0.00175545
0.00173932
0.00166566
0.00148116
0.00119594
0.000736280
0.000350690
