0.350 1.0975
2.00000e-08
1.40000e-07
6.20000e-07
1.00000e-08
9.57000e-06
3.10000e-06
3.08000e-06
6.75000e-07
2.25800e-05
1.99650e-05
5.76000e-06
3.13000e-06
1.80000e-07
1.19150e-05
4.41000e-06
1.15200e-05
2.20000e-07
6.04500e-06
0.000989760
4.86500e-06
3.18600e-05
3.20700e-05
1.68000e-06
6.11150e-05
0.000771860
1.52300e-05
2.50000e-07
6.50500e-06
0.000117960
8.17300e-05
0.000102270
4.15000e-06
1.98000e-06
2.01000e-06
1.20500e-05
1.10350e-05
8.65000e-06
4.18050e-05
4.82000e-06
0.000239145
1.53500e-05
1.73950e-05
3.78700e-05
2.64800e-05
9.73000e-06
1.10000e-06
1.46000e-06
1.74800e-05
9.00000e-07
2.76600e-05
5.15100e-05
7.28800e-05
3.36200e-05
1.58700e-05
0.000253590
4.88500e-06
5.72000e-06
0.000217415
3.08200e-05
2.76350e-05
4.17000e-06
6.15500e-06
3.04100e-05
4.87150e-05
8.11000e-06
6.19150e-05
1.08600e-05
2.38000e-06
5.55000e-06
0.000514440
0.000121700
9.19000e-06
4.23000e-06
0.000652280
3.39600e-05
0.000401890
5.19400e-05
0.000223915
9.19100e-05
3.72650e-05
2.30000e-06
2.46000e-06
1.82300e-05
6.79950e-05
0.000437920
1.21800e-05
4.49100e-05
3.23250e-05
0.00309627
1.23000e-06
2.20000e-07
1.95000e-07
6.50000e-07
5.88650e-05
1.95000e-06
2.14550e-05
7.90000e-07
3.50000e-07
5.60000e-07
5.03000e-06
0.000652100
0.000175020
2.73300e-05
6.31950e-05
2.45400e-05
3.54000e-06
3.86000e-06
0.000334850
5.37000e-06
2.81000e-06
7.94000e-06
0.00374779
9.51000e-06
1.73850e-05
0.000162870
2.78850e-05
7.11600e-05
0.000178535
2.34700e-05
0.000816775
1.99900e-05
5.90000e-06
1.05500e-05
0.000685885
2.49000e-06
1.13000e-06
1.26000e-06
3.90500e-06
8.23100e-05
5.29700e-05
5.03500e-05
5.77100e-05
4.82600e-05
0.00344690
5.38000e-06
3.53500e-06
0.000248700
4.25000e-07
5.00000e-08
2.00000e-08
1.00000e-08
1.00000e-08
1.00000e-08
1.00000e-08
1.00000e-08
1.50000e-08
3.00000e-08
9.00000e-08
3.10000e-07
1.78000e-06
1.42700e-05
0.000326835
0.0144770
0.519330
0.967840
0.980188
0.990325
0.966239
0.932066
0.495557
0.0104338
0.000260235
1.14100e-05
1.35500e-06
2.10000e-07
5.50000e-08
2.00000e-08
1.00000e-08
0.00000
0.00000
0.00000
0.00000
0.00000
0.00000
0.00000
0.00000
0.00000
0.00000
0.00000
1.50000e-08
4.50000e-07
7.00000e-08
2.00000e-08
1.00000e-08
1.00000e-08
2.00000e-08
4.00000e-08
1.45000e-07
1.23000e-06
0.000427440
1.56000e-06
1.53500e-06
3.60000e-06
5.08250e-05
9.39800e-05
5.06700e-05
0.00641589
1.51550e-05
3.70000e-06
2.82000e-06
5.87000e-06
0.000329335
1.39000e-06
3.30000e-07
1.40000e-07
8.50000e-08
6.00000e-08
6.00000e-08
8.00000e-08
1.25000e-07
2.90000e-07
1.55500e-06
1.18300e-05
5.05500e-06
4.58500e-05
1.28500e-06
1.10000e-07
2.50000e-08
1.00000e-08
5.00000e-09
0.00000
0.00000
0.00000
0.00000
0.00000
0.00000
0.00000
0.00000
0.00000
0.00000
0.00000
0.00000
0.00000
0.00000
0.00000
0.00000
0.00000
1.00000e-08
1.00000e-08
3.50000e-08
8.00000e-08
2.75000e-07
1.42000e-06
0.000267165
3.19300e-05
1.64250e-05
5.39700e-05
0.000210160
8.59000e-06
3.09500e-06
1.82000e-06
1.50000e-06
1.58000e-06
2.22000e-06
4.40000e-06
2.51950e-05
0.000368920
9.40000e-06
2.84000e-06
1.59500e-06
1.15000e-06
1.00500e-06
1.01000e-06
1.16500e-06
1.51000e-06
2.26000e-06
3.83000e-06
7.43000e-06
1.34400e-05
1.60200e-05
1.32100e-05
1.05900e-05
9.39000e-06
9.21500e-06
9.41000e-06
9.36500e-06
8.82000e-06
8.01000e-06
7.38000e-06
7.19000e-06
7.42000e-06
7.77500e-06
7.36000e-06
5.63500e-06
3.67000e-06
2.31500e-06
1.52000e-06
1.07500e-06
8.20000e-07
6.80000e-07
6.00000e-07
5.80000e-07
5.90000e-07
6.70000e-07
8.30000e-07
1.17500e-06
1.91000e-06
3.06500e-06
2.24000e-06
6.00000e-07
