0.350 1.100
2.00000e-08
5.85000e-07
9.00000e-07
5.10750e-05
1.56600e-05
6.00000e-07
1.50000e-07
1.98750e-05
2.01000e-06
5.13000e-06
5.66000e-06
1.78500e-06
1.22000e-06
2.56000e-06
2.35000e-06
3.88750e-05
3.74000e-06
2.46150e-05
4.34100e-05
2.37200e-05
7.17000e-06
3.10150e-05
2.48800e-05
2.10100e-05
2.47600e-05
6.00750e-05
6.20000e-07
3.07050e-05
1.37000e-06
1.54850e-05
2.18500e-05
1.04900e-05
5.66000e-06
0.000195475
9.08000e-06
4.17000e-05
4.61000e-05
0.000355365
3.51000e-06
8.25000e-07
6.19000e-06
2.75000e-06
2.01000e-06
4.20000e-06
7.55000e-06
0.000270070
9.68400e-05
3.60300e-05
6.24000e-06
5.14500e-06
4.23200e-05
3.15250e-05
6.16100e-05
5.59600e-05
0.000103860
2.61800e-05
1.81500e-05
0.000230660
8.59000e-06
0.000189455
9.08500e-05
0.000143660
1.92000e-06
1.05000e-06
2.51000e-06
7.80550e-05
6.20000e-06
1.47400e-05
0.00364976
7.84550e-05
0.000266930
3.83650e-05
0.000106810
0.000631225
0.000385600
0.000158195
0.00168648
5.13000e-06
5.20000e-07
2.35000e-07
2.60000e-07
1.44500e-06
1.70000e-06
2.25000e-07
1.30000e-07
1.70000e-07
4.40000e-07
3.67500e-06
2.88800e-05
0.000363035
6.68000e-06
1.71500e-06
1.25000e-06
2.07500e-06
7.85000e-06
7.06600e-05
1.82100e-05
9.68000e-06
9.47000e-06
1.64650e-05
1.73800e-05
5.66500e-06
2.76000e-06
2.42500e-06
3.48000e-06
9.83000e-06
5.07200e-05
4.07350e-05
2.35600e-05
3.41700e-05
0.000111060
0.000274250
0.000100690
7.27650e-05
9.25500e-05
0.000193110
0.000592350
0.00323696
0.0231343
0.141770
0.497377
0.967751
0.989538
0.993058
0.988465
0.984978
0.982556
0.981575
0.971513
0.978414
0.960292
0.950385
0.471270
0.117162
0.0187947
0.00257303
0.000391890
9.50650e-05
2.83100e-05
1.12150e-05
5.20000e-06
2.92500e-06
1.88000e-06
1.41000e-06
1.20000e-06
1.17000e-06
1.28000e-06
1.51000e-06
1.74000e-06
1.71500e-06
1.45000e-06
1.19500e-06
1.08000e-06
1.12500e-06
1.39000e-06
2.06500e-06
3.53000e-06
6.24500e-06
8.97000e-06
1.14350e-05
1.96700e-05
0.000151040
0.000102190
1.07050e-05
3.64000e-06
2.15000e-06
1.70000e-06
1.79500e-06
2.51000e-06
5.61000e-06
3.22100e-05
0.00184150
9.71000e-06
4.13000e-06
2.94000e-06
3.06000e-06
4.42000e-06
1.10750e-05
9.45000e-05
0.000136490
1.19200e-05
5.76500e-06
4.27000e-06
4.33500e-06
5.64000e-06
9.81500e-06
2.26400e-05
6.41650e-05
8.17600e-05
5.81800e-05
5.87300e-05
0.000114150
0.000443330
0.000178425
4.32600e-05
2.23000e-05
1.67800e-05
1.78000e-05
2.61300e-05
6.49800e-05
0.000226730
0.000100390
3.31000e-05
2.00700e-05
1.76600e-05
2.28550e-05
4.82200e-05
0.000733060
0.000279190
4.02250e-05
1.81300e-05
1.49250e-05
2.06300e-05
0.000135235
0.000160410
8.77000e-06
2.14000e-06
9.20000e-07
4.80000e-07
3.05000e-07
2.20000e-07
1.75000e-07
1.50000e-07
1.50000e-07
1.50000e-07
1.80000e-07
2.30000e-07
3.30000e-07
5.70000e-07
1.35500e-06
5.94000e-06
0.000196730
5.76000e-06
1.81500e-06
1.00000e-06
7.40000e-07
6.50000e-07
6.75000e-07
7.90000e-07
1.08500e-06
1.76000e-06
3.88500e-06
1.41600e-05
0.000112095
1.83400e-05
5.70500e-06
3.03000e-06
2.19000e-06
1.88000e-06
1.87000e-06
2.10000e-06
2.71500e-06
4.05000e-06
7.69000e-06
2.06100e-05
0.000316495
0.000288840
3.06000e-05
1.18500e-05
7.29500e-06
5.48000e-06
4.80500e-06
4.67000e-06
5.00000e-06
5.80000e-06
7.35500e-06
1.00800e-05
1.52300e-05
2.48300e-05
4.33100e-05
6.96600e-05
8.28200e-05
7.17700e-05
5.55150e-05
4.40500e-05
3.72250e-05
3.30300e-05
3.04250e-05
2.85400e-05
2.70100e-05
2.57000e-05
2.46950e-05
2.39800e-05
2.38350e-05
2.43300e-05
2.56650e-05
2.79600e-05
3.12700e-05
3.51500e-05
3.81950e-05
3.82400e-05
3.36250e-05
2.63300e-05
1.91450e-05
1.34600e-05
9.42000e-06
6.50000e-06
4.38000e-06
2.71000e-06
1.31000e-06
0.00000
