0.350 1.0975
1.00000e-08
1.00000e-08
6.00000e-08
4.88000e-06
5.60000e-06
4.33500e-05
1.33000e-06
8.91500e-06
0.000234850
1.42150e-05
8.60000e-06
1.33100e-05
1.82000e-05
1.22000e-06
2.61700e-05
6.23500e-06
5.50000e-07
7.50000e-08
2.10000e-07
7.34000e-05
3.01000e-06
4.88750e-05
2.78600e-05
2.72500e-06
2.04000e-06
4.88500e-05
2.07000e-06
0.000399600
7.36500e-05
1.85100e-05
5.86900e-05
1.70750e-05
7.60000e-07
2.56500e-06
6.64500e-05
0.000102815
3.29600e-05
2.57800e-05
1.25200e-05
0.000101850
2.99800e-05
2.71000e-06
7.24000e-06
6.32850e-05
0.000150690
7.87000e-06
8.88000e-06
0.000100235
9.74000e-06
0.000187165
1.91100e-05
0.000153380
2.61400e-05
9.54000e-05
9.60000e-06
1.50100e-05
0.000183490
1.63200e-05
0.000290870
3.37650e-05
0.000185690
1.27750e-05
3.27000e-06
6.27000e-06
0.000189330
6.89250e-05
6.21200e-05
2.47200e-05
5.52500e-05
3.75100e-05
4.87000e-06
5.61500e-06
5.51900e-05
4.06300e-05
1.25600e-05
7.46300e-05
0.000207440
6.22550e-05
0.00386061
3.54650e-05
1.53600e-05
2.84550e-05
9.75600e-05
0.000133360
0.000339220
7.08450e-05
3.99700e-05
0.00102372
4.53600e-05
1.03250e-05
8.97000e-06
3.77300e-05
0.000331870
1.95250e-05
1.46700e-05
5.26800e-05
0.000598000
5.02550e-05
3.91800e-05
0.000102150
0.000263680
0.000201655
0.000236370
0.000187345
0.000136760
0.000135095
6.05900e-05
2.85450e-05
2.67000e-05
9.13700e-05
0.000292810
2.31750e-05
9.17000e-06
7.90500e-06
1.14300e-05
3.15500e-05
0.000162160
0.000271075
0.000189770
0.000249890
0.000238330
0.000160865
0.000152310
0.000213765
0.000300850
0.000285055
0.000223110
0.000178425
0.000170700
0.000245240
0.000366640
0.000165995
7.68700e-05
7.95350e-05
0.000369600
0.000270765
1.47200e-05
4.79000e-06
2.45000e-06
1.77500e-06
1.65000e-06
1.94500e-06
2.78000e-06
4.52500e-06
6.45000e-06
6.63500e-06
6.23000e-06
6.91500e-06
9.88000e-06
2.07150e-05
7.15400e-05
0.00108697
0.000543210
0.000181280
0.000119400
7.92950e-05
4.75400e-05
3.17250e-05
2.53600e-05
2.50550e-05
2.98300e-05
4.27800e-05
7.29700e-05
0.000156555
0.000406140
0.00147610
0.00665340
0.0396857
0.151968
0.437409
0.912618
0.995122
0.985246
0.971685
0.960401
0.946851
0.927087
0.568935
0.173635
0.0466440
0.00796640
0.00144750
0.000295970
8.52300e-05
2.84300e-05
1.18250e-05
5.50000e-06
2.98500e-06
1.78000e-06
1.18500e-06
8.70000e-07
6.95000e-07
6.10000e-07
5.95000e-07
6.40000e-07
7.65000e-07
1.04000e-06
1.68500e-06
3.25000e-06
7.13500e-06
8.94000e-06
5.19000e-06
3.01000e-06
2.18000e-06
1.90000e-06
1.96500e-06
2.38000e-06
3.49000e-06
6.30000e-06
1.72300e-05
0.000103450
0.00118394
5.12600e-05
2.29850e-05
1.64300e-05
1.55850e-05
1.74000e-05
2.21000e-05
2.95300e-05
4.25100e-05
7.08900e-05
0.000175640
0.000206410
4.45050e-05
1.26300e-05
5.44500e-06
2.85000e-06
1.78500e-06
1.25000e-06
9.80000e-07
8.30000e-07
7.75000e-07
7.80000e-07
8.50000e-07
1.00000e-06
1.30000e-06
1.83000e-06
2.87500e-06
4.83000e-06
8.16500e-06
1.14000e-05
1.17550e-05
1.06900e-05
1.02450e-05
1.12500e-05
1.49400e-05
2.46000e-05
5.27800e-05
8.24800e-05
4.28850e-05
1.92200e-05
1.13200e-05
8.09000e-06
6.93000e-06
6.84000e-06
7.97500e-06
1.10900e-05
2.07700e-05
6.41200e-05
0.00200819
0.000108610
2.45200e-05
1.07800e-05
6.71000e-06
4.98000e-06
4.29500e-06
4.15000e-06
4.49500e-06
5.37000e-06
6.93500e-06
8.62000e-06
8.22000e-06
5.65000e-06
3.39500e-06
2.07000e-06
1.37500e-06
9.70000e-07
7.40000e-07
6.00000e-07
5.05000e-07
4.50000e-07
4.15000e-07
4.00000e-07
4.05000e-07
4.20000e-07
4.55000e-07
5.10000e-07
6.00000e-07
7.30000e-07
9.30000e-07
1.26000e-06
1.85500e-06
2.98000e-06
5.75000e-06
1.44600e-05
9.83050e-05
0.000188900
2.02250e-05
5.42000e-06
1.77500e-06
