1.1925 2.100
1.00000e-08
2.00000e-08
5.50000e-08
1.00000e-07
1.50000e-07
2.00000e-07
2.55000e-07
2.90000e-07
3.15000e-07
3.10000e-07
2.80000e-07
2.30000e-07
1.70000e-07
1.20000e-07
7.00000e-08
4.00000e-08
2.50000e-08
2.00000e-08
2.00000e-08
2.00000e-08
1.00000e-08
1.00000e-08
0.00000
0.00000
0.00000
1.00000e-08
5.00000e-09
4.00000e-08
6.50000e-08
1.20000e-07
2.10000e-07
4.20000e-07
7.20000e-07
8.00000e-07
1.04000e-06
1.26000e-06
1.41000e-06
1.89000e-06
2.19500e-06
2.53000e-06
3.37500e-06
3.66000e-06
4.64000e-06
4.71000e-06
4.33500e-06
4.09000e-06
3.16500e-06
2.35000e-06
2.59500e-06
4.17000e-06
6.22000e-06
9.12000e-06
1.45250e-05
2.22200e-05
3.59400e-05
5.48700e-05
8.14850e-05
0.000124750
0.000206330
0.000520190
0.000858175
0.00128061
0.00215828
0.00358674
0.00568817
0.0160014
0.0839958
0.564503
0.787989
0.892829
0.984753
0.980818
0.996460
0.998141
0.992905
0.993197
0.990039
0.977896
0.763721
0.213452
0.0236412
0.00294767
0.000519305
0.000275620
0.000143590
2.46600e-05
3.72650e-05
5.14500e-05
0.000153100
0.000112880
6.90000e-05
5.27200e-05
3.34750e-05
2.09600e-05
1.10950e-05
6.02000e-06
2.48500e-06
1.00000e-06
8.05000e-07
2.50000e-07
1.00000e-07
1.00000e-07
3.25000e-07
1.00000e-08
8.70000e-07
3.80000e-06
5.17500e-06
7.92000e-06
9.85500e-06
1.12200e-05
1.20500e-05
1.15800e-05
9.54500e-06
8.63000e-06
6.86500e-06
4.66000e-06
2.47000e-06
2.30000e-07
1.00000e-07
1.00000e-07
1.00000e-07
6.70000e-07
4.20000e-07
2.00000e-07
3.65000e-07
8.40000e-07
1.00000e-07
7.00000e-07
2.75000e-07
1.00000e-07
3.00000e-07
4.40000e-07
2.65000e-07
1.00000e-07
3.25000e-07
1.60000e-07
2.60000e-07
4.50000e-07
6.45000e-07
4.10000e-07
9.45000e-07
1.83000e-06
2.20000e-06
1.22700e-05
3.26100e-05
6.80100e-05
0.000120295
0.000160910
0.000211755
0.000268130
0.000292740
0.000300230
0.000300635
0.000306150
0.000316480
0.000307830
0.000323585
0.000356510
0.000393005
0.000427340
0.000444090
0.000386080
0.000354355
0.000320830
0.000307150
0.000312840
0.000332255
0.000393960
0.000486520
0.000557420
0.000583995
0.000610120
0.000603890
0.000514410
0.000441215
0.000358840
0.000257870
0.000179770
0.000135245
0.000110830
0.000110035
0.000139100
0.000197830
0.000263930
0.000370810
0.000491070
0.000624095
0.000751370
0.000823185
0.000802550
0.000830215
0.000691170
0.000599250
0.000442250
0.000340345
0.000247360
0.000186875
0.000154730
0.000143485
0.000135730
0.000146995
0.000159810
0.000172270
0.000187200
0.000176465
0.000173880
0.000165060
0.000152870
0.000123335
9.94400e-05
7.90350e-05
6.05300e-05
4.42450e-05
3.43700e-05
2.52200e-05
2.14000e-05
1.94250e-05
1.58100e-05
1.78500e-05
2.00000e-05
2.20650e-05
3.23500e-05
6.66050e-05
0.000155230
0.000309205
0.000497270
0.000697215
0.000904320
0.00107727
0.00118725
0.00117090
0.00106232
0.000876210
0.000674320
0.000461820
0.000267880
0.000123040
3.73800e-05
1.77150e-05
1.67600e-05
1.22400e-05
1.45700e-05
1.30350e-05
1.56200e-05
1.58550e-05
1.93000e-05
2.44250e-05
3.49600e-05
5.90150e-05
0.000147170
0.000203945
0.000484480
0.000773495
0.000874090
0.00110973
0.00170500
0.00145063
0.00138608
0.00119954
0.00124756
0.00115906
0.000394150
0.000526305
0.000294650
0.000238670
0.000234980
0.000187625
0.000262290
0.000270285
0.000195110
0.000160925
0.000173760
0.000172750
0.000144140
0.000148795
0.000111150
9.55300e-05
0.000103950
7.70900e-05
8.10000e-05
0.000125020
0.000102950
0.000129120
0.000208160
0.000205095
0.000347520
0.000426175
0.000362010
0.000485030
0.000548260
0.000381975
0.000409110
0.000379525
0.000261320
0.000227590
0.000174060
0.000140755
0.000111600
0.000110315
0.000133290
0.000203960
0.000456330
0.000926635
0.00156271
0.00209989
0.00278931
0.00327425
0.00355866
0.00361060
0.00315005
0.00276094
0.00210389
0.00143267
0.000827460
0.000369725
0.000106300
3.80250e-05
2.53800e-05
1.48900e-05
1.28400e-05
1.27850e-05
9.25000e-06
7.65500e-06
9.80000e-06
8.27000e-06
7.62000e-06
6.01500e-06
6.44000e-06
4.98000e-06
4.50000e-06
3.57000e-06
9.09000e-06
8.88000e-06
3.75000e-06
8.63500e-06
9.44000e-06
1.17950e-05
1.26400e-05
1.24500e-05
1.51900e-05
1.71300e-05
2.18900e-05
2.86600e-05
3.64500e-05
4.36700e-05
6.39400e-05
8.05900e-05
0.000113540
0.000165035
0.000228310
0.000361805
0.000583860
0.000925625
0.00144051
0.00221512
0.00296670
0.00407994
0.00535371
0.00671200
0.00739902
0.00837039
0.00927121
0.00984334
0.0111585
