0.355 1.0975
3.90000e-07
2.00000e-08
2.11600e-05
1.45000e-06
5.80000e-07
1.53500e-06
2.50000e-07
1.45000e-06
0.000102960
0.000293960
6.80000e-07
7.80000e-07
0.000302350
0.000911500
4.65000e-06
6.63000e-05
9.87600e-05
1.91300e-05
2.59000e-06
3.50000e-08
2.00000e-08
2.13500e-06
3.02000e-06
5.50000e-08
4.00000e-08
6.15000e-07
2.34000e-06
3.25000e-07
2.00000e-07
9.25000e-07
2.42000e-06
3.84850e-05
1.38100e-05
1.51300e-05
3.11900e-05
0.000334075
0.000135960
0.000407975
0.000820540
0.00433313
0.0638173
0.407778
0.811625
0.833166
0.855644
0.864903
0.874658
0.884851
0.891330
0.898253
0.908087
0.921348
0.930606
0.934478
0.946892
0.941362
0.961156
0.963381
0.980810
0.975979
0.985800
0.981313
0.985461
0.983717
0.993308
0.990611
0.997821
0.566139
0.138815
0.0245502
0.00378301
0.00115071
0.000276550
6.26400e-05
2.06500e-05
1.30350e-05
1.56900e-05
6.49000e-05
0.000470090
6.35800e-05
5.52000e-05
2.78050e-05
9.82000e-06
9.21000e-06
3.55500e-05
5.46750e-05
7.22000e-06
9.59000e-06
0.000174300
3.24500e-06
9.00000e-07
7.40000e-07
9.50000e-07
5.25000e-07
1.80000e-07
1.05000e-07
9.00000e-08
1.25000e-07
3.00000e-07
1.70500e-06
2.79000e-06
1.25500e-06
1.24000e-06
1.34500e-06
8.20000e-07
5.25000e-07
5.10000e-07
8.05000e-07
2.29000e-06
3.14200e-05
2.47900e-05
1.03750e-05
1.53300e-05
5.07650e-05
3.36800e-05
1.81750e-05
2.20200e-05
8.28400e-05
0.0122705
0.000191655
0.000123210
0.000495840
0.000347930
6.57950e-05
3.58600e-05
3.80050e-05
6.05000e-05
9.79700e-05
9.64800e-05
9.47800e-05
0.000146140
0.000355805
0.000341460
0.000186025
0.000183930
0.000480840
0.00417428
0.000514990
0.000183460
0.000156690
0.000209810
0.000322730
0.000278970
0.000106860
3.15200e-05
1.15000e-05
5.15000e-06
3.01000e-06
2.16000e-06
1.92500e-06
2.12000e-06
3.01500e-06
5.57000e-06
1.37050e-05
2.13000e-05
1.37500e-05
9.90000e-06
1.04250e-05
1.39400e-05
1.46950e-05
8.90000e-06
5.12000e-06
3.71000e-06
3.70000e-06
5.25000e-06
1.44700e-05
5.32000e-05
9.40000e-06
2.54000e-06
1.26500e-06
8.20000e-07
6.65000e-07
6.20000e-07
6.80000e-07
8.50000e-07
1.21500e-06
1.98000e-06
3.83500e-06
8.82000e-06
2.95450e-05
0.000202110
0.00621441
9.82800e-05
3.98900e-05
2.60700e-05
2.49100e-05
3.52200e-05
0.000129575
0.00287439
4.08150e-05
9.14000e-06
4.02500e-06
2.28000e-06
1.57000e-06
1.22000e-06
1.07000e-06
1.01000e-06
1.02000e-06
1.08000e-06
1.16500e-06
1.26000e-06
1.36000e-06
1.45000e-06
1.57000e-06
1.75000e-06
2.05000e-06
2.58000e-06
3.56500e-06
5.52000e-06
1.02700e-05
2.38900e-05
7.77950e-05
9.69800e-05
3.33700e-05
1.37500e-05
7.64000e-06
4.84000e-06
3.47000e-06
2.69000e-06
2.30500e-06
2.13000e-06
2.14000e-06
2.36000e-06
2.89000e-06
3.99000e-06
6.69500e-06
1.43300e-05
5.10450e-05
9.70000e-05
2.88100e-05
1.14400e-05
6.84000e-06
5.05000e-06
4.43500e-06
4.47000e-06
5.21000e-06
7.04000e-06
1.19150e-05
2.75000e-05
0.000157485
0.000257360
4.02100e-05
1.46300e-05
8.37000e-06
5.85000e-06
4.80000e-06
4.39000e-06
4.45000e-06
4.93000e-06
6.03500e-06
8.12000e-06
1.24150e-05
2.13300e-05
4.19500e-05
7.22900e-05
6.77750e-05
4.30500e-05
2.85400e-05
2.14900e-05
1.85500e-05
1.78000e-05
1.90000e-05
2.23400e-05
2.94350e-05
4.34200e-05
7.52450e-05
0.000147900
0.000266660
0.000242850
0.000138070
8.22900e-05
5.78500e-05
4.58700e-05
4.05850e-05
3.90500e-05
4.07200e-05
4.53900e-05
5.40350e-05
6.77300e-05
8.86250e-05
0.000115370
0.000141260
0.000153040
0.000144175
0.000125700
0.000107400
9.31800e-05
8.33450e-05
7.65300e-05
7.13950e-05
6.62400e-05
5.96650e-05
5.11700e-05
4.10050e-05
3.05000e-05
2.08850e-05
1.26400e-05
5.84000e-06
