0.3725 1.0975
1.45000e-07
1.61000e-06
1.90500e-06
1.40000e-07
6.23000e-06
5.00000e-08
3.53000e-06
1.01700e-05
1.30000e-07
0.00000
1.55000e-07
1.00000e-08
5.50000e-08
0.00000
2.50000e-08
2.00000e-08
2.00000e-08
9.00000e-08
4.50000e-08
1.00000e-08
1.85000e-07
1.20000e-07
1.23500e-06
2.17000e-06
4.23000e-05
9.70000e-07
1.28000e-06
8.10000e-07
1.67000e-06
6.50000e-07
1.91500e-06
5.46000e-06
1.60000e-07
4.20000e-07
0.000120175
8.20000e-07
1.16500e-06
1.41300e-05
3.08500e-06
1.62700e-05
2.19500e-06
7.87000e-06
1.71000e-06
2.00000e-07
1.12750e-05
6.26600e-05
2.77000e-06
1.09000e-06
7.00000e-07
9.94000e-06
0.000456180
8.30000e-07
5.00000e-08
2.00000e-08
5.00000e-08
4.00000e-08
3.50000e-08
2.00000e-07
1.83000e-06
1.62000e-06
5.90000e-07
1.96000e-06
2.18900e-05
2.56000e-06
1.80000e-06
9.33000e-06
1.60500e-05
1.59000e-06
1.34000e-06
1.13000e-06
8.95000e-07
8.10000e-07
3.85000e-07
1.82000e-06
5.86500e-06
2.72000e-06
5.15000e-06
4.90000e-07
1.20000e-07
1.30000e-07
7.75000e-07
3.60000e-07
5.05000e-07
4.40000e-07
2.10000e-07
4.50000e-07
3.65300e-05
7.01000e-06
5.88000e-06
4.42000e-06
4.05000e-07
1.80000e-07
3.05000e-07
1.88000e-06
4.97000e-06
5.67000e-06
3.92700e-05
9.58000e-06
1.33600e-05
4.73600e-05
1.14750e-05
2.32000e-06
1.64500e-06
1.54000e-06
1.32000e-06
2.77000e-06
0.000144985
1.18000e-06
6.20000e-07
9.00000e-07
3.07000e-06
3.72000e-06
2.55500e-06
2.79000e-06
3.44500e-06
5.74000e-06
3.45300e-05
8.99600e-05
3.63550e-05
8.65700e-05
8.74800e-05
0.000291600
8.01500e-06
1.08000e-06
4.90000e-07
4.00000e-07
5.85000e-07
1.55000e-06
1.00500e-05
2.37000e-05
5.88500e-06
1.63000e-06
8.55000e-07
7.70000e-07
1.39000e-06
5.29000e-06
3.16000e-06
9.50000e-07
6.40000e-07
6.70000e-07
8.50000e-07
1.04000e-06
1.50000e-06
5.06000e-06
9.22500e-06
6.70000e-07
2.25000e-07
1.20000e-07
9.50000e-08
9.00000e-08
1.10000e-07
1.80000e-07
4.75000e-07
2.90000e-06
0.000232980
2.61000e-06
1.75500e-06
2.31000e-06
5.18500e-06
1.81900e-05
3.34800e-05
6.49000e-06
2.33500e-06
1.47000e-06
1.69500e-06
4.67000e-06
6.08500e-05
2.00000e-06
6.75000e-07
5.00000e-07
1.02000e-06
4.39300e-05
4.15000e-07
7.00000e-08
2.50000e-08
2.00000e-08
1.00000e-08
1.00000e-08
1.00000e-08
1.00000e-08
1.00000e-08
0.00000
0.00000
0.00000
0.00000
0.00000
0.00000
0.00000
5.00000e-09
1.00000e-08
1.50000e-08
4.00000e-08
1.45000e-07
1.47000e-06
5.50000e-07
9.00000e-08
4.50000e-08
3.00000e-08
3.00000e-08
3.00000e-08
4.50000e-08
9.00000e-08
2.25000e-07
4.30000e-07
3.20000e-07
2.20000e-07
1.90000e-07
2.10000e-07
3.20000e-07
6.10000e-07
1.74000e-06
6.36000e-06
8.97500e-06
5.02000e-06
3.86000e-06
4.11000e-06
5.67000e-06
9.55000e-06
2.01800e-05
5.04300e-05
0.000167365
0.000669080
0.00401306
0.0263846
0.154836
0.515509
0.964403
0.940993
0.932948
0.960632
0.912413
0.909168
0.880849
0.467085
0.105863
0.0194511
0.00511775
0.00167620
0.000745665
0.000400280
0.000260160
0.000184430
0.000125705
7.19900e-05
3.68700e-05
1.87200e-05
1.06850e-05
6.80000e-06
4.99000e-06
4.15000e-06
4.02000e-06
4.53000e-06
6.19500e-06
1.01600e-05
1.66050e-05
1.38600e-05
6.81000e-06
3.59000e-06
2.34500e-06
1.78000e-06
1.53500e-06
1.42000e-06
1.31500e-06
1.14000e-06
9.10000e-07
6.80000e-07
5.15000e-07
4.10000e-07
3.55000e-07
3.40000e-07
3.55000e-07
4.10000e-07
5.40000e-07
7.40000e-07
8.75000e-07
7.30000e-07
4.60000e-07
2.80000e-07
1.90000e-07
1.40000e-07
1.15000e-07
1.00000e-07
1.00000e-07
1.00000e-07
1.15000e-07
1.40000e-07
1.85000e-07
2.60000e-07
3.25000e-07
2.60000e-07
1.05000e-07
