1.100 2.100
5.60000e-07
4.35000e-07
3.50000e-07
2.30000e-07
1.50000e-07
1.05000e-07
7.00000e-08
4.50000e-08
2.00000e-08
1.00000e-08
0.00000
0.00000
0.00000
0.00000
0.00000
0.00000
0.00000
0.00000
0.00000
0.00000
0.00000
0.00000
0.00000
1.00000e-08
1.00000e-08
2.50000e-08
4.00000e-08
5.50000e-08
7.00000e-08
9.50000e-08
1.00000e-07
1.00000e-07
9.00000e-08
8.00000e-08
8.00000e-08
8.00000e-08
8.00000e-08
9.50000e-08
1.20000e-07
1.35000e-07
1.50000e-07
1.45000e-07
1.20000e-07
9.50000e-08
7.00000e-08
4.00000e-08
2.00000e-08
0.00000
0.00000
0.00000
0.00000
1.00000e-08
1.00000e-08
1.00000e-08
2.00000e-08
2.50000e-08
3.00000e-08
3.00000e-08
4.00000e-08
3.50000e-08
3.00000e-08
3.00000e-08
3.00000e-08
5.00000e-09
0.00000
1.00000e-08
0.00000
5.00000e-09
8.00000e-08
1.35000e-07
9.00000e-08
1.15000e-07
3.70000e-07
1.58500e-06
4.94000e-06
1.05500e-05
1.84600e-05
2.86800e-05
4.15500e-05
5.70600e-05
6.87900e-05
7.52500e-05
9.39900e-05
0.000120000
0.000161390
0.000213845
0.000248220
0.000289740
0.000314560
0.000301430
0.000286380
0.000231525
0.000172790
0.000111805
5.79300e-05
2.01450e-05
2.89000e-06
3.43500e-06
9.49000e-06
2.10850e-05
3.46500e-05
3.90600e-05
7.74300e-05
7.24750e-05
7.24900e-05
8.94000e-05
8.66800e-05
7.39150e-05
6.50600e-05
6.50100e-05
7.02200e-05
5.92500e-05
4.95700e-05
9.30750e-05
8.93100e-05
0.000118355
9.46900e-05
8.27550e-05
0.000117410
5.41400e-05
7.64600e-05
3.98550e-05
2.95100e-05
2.09550e-05
1.33300e-05
6.60000e-06
4.57000e-06
2.61500e-06
2.18000e-06
2.61000e-06
2.36000e-06
2.36000e-06
5.92000e-06
2.60400e-05
6.97500e-05
0.000133835
0.000203930
0.000256340
0.000362360
0.000356745
0.000395400
0.000367060
0.000311910
0.000241830
0.000178430
0.000107605
4.65800e-05
1.09800e-05
5.20000e-07
2.00000e-07
1.17000e-06
1.09500e-06
2.47000e-06
1.52500e-06
1.20000e-06
1.14000e-06
2.92000e-06
1.52000e-06
3.13000e-06
3.24500e-06
1.81000e-06
3.89500e-06
3.88000e-06
3.40500e-06
4.18000e-06
4.50500e-06
4.44000e-06
6.08500e-06
9.04100e-05
0.000199250
0.000265120
7.66950e-05
4.69400e-05
0.000164190
0.000114680
0.000185650
0.000329190
0.000262330
0.000618720
0.00105645
0.00159658
0.00214671
0.00477236
0.00922158
0.0192046
0.0496941
0.148061
0.454285
0.842630
0.959908
0.961734
0.979349
0.994426
0.990166
0.980191
0.978962
0.987342
0.996485
1.00000
0.996992
0.992818
0.991752
0.994210
0.996276
0.994107
0.986460
0.977486
0.972526
0.974692
0.983791
0.994384
0.999460
0.996407
0.990061
0.987383
0.992118
0.996735
0.986723
0.961717
0.946167
0.962491
0.886474
0.544004
0.207761
0.0639379
0.0222996
0.00793814
0.00346769
0.00173284
0.000570820
0.000532300
0.000386785
0.000380090
0.000343070
0.000401320
5.83650e-05
3.85500e-05
0.000156345
0.000363910
0.000523085
0.000490990
9.44500e-06
8.26000e-06
5.16500e-06
4.47000e-06
2.95500e-06
2.62000e-06
9.00000e-08
5.20000e-07
5.60000e-07
2.65000e-06
8.05000e-07
9.00000e-07
7.20000e-07
1.00000e-07
1.57000e-06
2.10000e-07
1.00000e-07
2.70000e-07
1.21000e-06
1.00000e-07
1.49000e-06
9.00000e-07
3.15000e-07
1.70000e-07
1.00000e-07
1.09000e-06
1.81000e-06
4.89000e-06
3.44000e-06
6.56000e-06
8.68000e-06
1.47600e-05
2.58000e-05
3.42500e-05
4.43450e-05
5.58700e-05
6.70850e-05
7.73400e-05
8.12000e-05
8.18900e-05
7.47550e-05
6.65400e-05
5.86750e-05
4.77800e-05
4.15450e-05
4.58100e-05
3.37200e-05
5.53600e-05
8.42350e-05
9.48400e-05
0.000125765
0.000203790
0.000193665
0.000204460
0.000200165
0.000236890
0.000247595
9.54800e-05
0.000146145
8.38000e-05
5.38950e-05
3.56900e-05
2.02100e-05
2.14800e-05
2.24950e-05
1.46400e-05
1.46750e-05
2.55600e-05
3.63850e-05
3.16800e-05
0.000155510
0.000418390
0.000913860
0.00183586
0.00206233
0.00285787
0.00473533
0.00386260
0.00387038
0.00441997
0.00265038
0.00268223
0.00179608
0.000639600
0.000244200
3.06700e-05
9.61500e-06
7.18000e-06
4.35000e-06
8.88000e-06
6.29500e-06
1.00000e-07
3.20000e-06
3.47000e-06
3.87500e-06
2.96000e-06
6.29000e-06
6.52000e-06
7.23000e-06
6.57000e-06
7.34500e-06
1.33900e-05
1.74400e-05
3.69400e-05
9.78850e-05
0.000228270
0.000454405
0.000697680
0.000933540
0.00114475
0.00130835
0.00137299
0.00127601
0.00111360
0.000895060
0.000650900
0.000396705
0.000177670
5.75950e-05
2.14900e-05
1.45500e-05
1.18800e-05
9.41000e-06
1.00600e-05
6.37500e-06
5.93000e-06
4.21000e-06
6.16000e-06
8.75500e-06
2.52000e-06
5.52000e-06
5.63000e-06
4.83500e-06
6.85000e-06
4.07000e-06
5.75000e-06
7.41500e-06
1.03000e-05
7.68500e-06
1.05200e-05
1.21850e-05
1.59800e-05
1.17200e-05
1.90800e-05
2.37000e-05
2.49800e-05
3.36800e-05
3.84100e-05
4.75700e-05
6.42900e-05
7.89250e-05
0.000106710
0.000137710
0.000201910
0.000277880
0.000377020
0.000572500
0.000887040
0.00139456
0.00229038
