0.350 1.100
5.60000e-07
0.00000
3.40000e-07
2.70000e-07
2.00000e-08
1.40000e-07
5.00000e-08
3.15000e-07
0.00000
0.00000
1.14000e-06
1.50000e-08
1.80000e-07
5.02500e-06
3.00000e-08
2.00000e-07
0.00000
0.00000
1.00000e-08
1.50000e-08
1.14000e-06
6.40000e-06
2.26000e-06
6.25000e-06
7.80000e-07
5.44500e-06
6.40000e-07
4.00000e-08
7.70000e-07
1.37500e-06
4.06100e-05
2.44000e-06
4.60000e-07
5.75000e-07
2.04000e-06
4.42500e-06
1.51400e-05
6.28850e-05
2.15000e-06
8.00000e-08
4.00000e-08
1.15000e-06
0.00135188
5.75000e-07
1.40000e-07
2.04750e-05
0.000146290
3.78500e-06
8.00000e-07
5.05000e-07
0.000117540
2.22300e-05
1.53100e-05
1.17250e-05
1.30000e-06
1.37000e-06
4.64200e-05
4.72750e-05
9.20000e-07
9.42500e-06
1.60000e-07
6.50000e-07
1.36700e-05
1.10250e-05
4.45000e-06
6.20300e-05
1.61000e-06
4.76500e-06
4.18000e-06
5.68500e-06
8.20000e-07
0.000509645
3.92000e-06
4.23950e-05
1.38100e-05
2.90000e-06
5.20000e-07
3.13500e-06
1.01900e-05
1.49600e-05
1.65700e-05
1.62500e-06
3.50000e-07
4.40000e-07
5.52000e-06
1.15250e-05
0.00621247
3.03500e-06
6.13000e-06
1.70950e-05
3.13000e-06
0.00798064
1.54600e-05
0.000441705
2.25000e-06
2.30500e-06
0.000145540
7.41500e-06
2.67200e-05
1.55450e-05
6.18000e-06
2.12000e-06
5.70000e-07
6.25000e-07
3.04000e-06
0.000874895
9.53000e-06
1.06500e-06
2.70000e-07
2.15000e-07
3.50000e-07
1.70000e-06
0.000140540
1.10800e-05
4.67000e-06
8.61500e-06
0.00158444
1.38750e-05
1.20400e-05
0.00324454
1.94000e-06
7.50000e-07
6.80000e-07
1.42500e-06
5.10000e-06
6.02500e-06
8.27000e-06
0.000165510
6.41000e-06
2.42500e-06
2.54000e-06
7.50500e-06
7.84100e-05
1.20550e-05
4.58000e-06
5.14000e-06
2.10100e-05
0.000131655
5.28000e-06
4.36500e-06
1.97000e-05
3.45550e-05
2.52000e-06
1.75000e-06
3.29000e-06
0.000371590
1.75800e-05
6.38000e-06
1.75000e-06
4.00000e-07
1.50000e-07
9.50000e-08
9.00000e-08
1.25000e-07
2.70000e-07
1.40500e-06
7.95200e-05
1.65000e-05
1.66700e-05
8.68700e-05
1.42500e-05
1.00850e-05
3.45100e-05
9.35700e-05
7.58000e-06
6.36000e-06
3.99400e-05
1.34450e-05
1.10000e-06
4.45000e-07
2.90000e-07
2.90000e-07
4.10000e-07
9.60000e-07
4.62000e-06
0.000177690
1.01500e-05
6.88500e-06
1.14700e-05
1.45250e-05
5.56000e-06
2.96000e-06
2.47000e-06
3.34000e-06
8.20000e-06
0.00172213
1.73300e-05
3.69500e-06
1.72000e-06
1.20500e-06
1.05000e-06
1.12500e-06
1.41000e-06
2.09500e-06
3.63000e-06
7.72000e-06
1.94400e-05
6.61950e-05
0.000279640
0.00197646
0.0170294
0.130128
0.503994
0.976794
0.973640
0.966896
0.947123
0.932831
0.906085
0.880872
0.433073
0.0890860
0.0104049
0.00106004
0.000116890
2.15750e-05
4.71000e-06
1.41500e-06
4.80000e-07
2.00000e-07
9.00000e-08
5.00000e-08
3.00000e-08
2.00000e-08
1.00000e-08
1.00000e-08
1.00000e-08
1.00000e-08
1.00000e-08
1.50000e-08
3.00000e-08
5.50000e-08
2.00000e-07
6.56050e-05
4.50000e-07
1.30000e-07
8.00000e-08
7.50000e-08
1.00000e-07
1.95000e-07
7.50000e-07
2.68650e-05
1.08000e-06
4.85000e-07
5.90000e-07
0.000146005
5.50000e-07
7.00000e-08
2.00000e-08
1.00000e-08
1.00000e-08
0.00000
0.00000
0.00000
0.00000
0.00000
0.00000
0.00000
0.00000
0.00000
0.00000
1.00000e-08
2.00000e-08
5.00000e-08
2.80000e-07
0.000137955
3.10000e-07
1.25000e-07
9.00000e-08
9.00000e-08
1.10000e-07
1.65000e-07
3.10000e-07
7.15000e-07
1.49000e-06
1.52500e-06
1.13000e-06
9.90000e-07
1.11000e-06
1.54000e-06
2.17000e-06
2.06500e-06
1.36000e-06
9.10000e-07
7.30000e-07
7.40000e-07
9.70000e-07
2.06500e-06
1.51800e-05
3.24000e-05
1.20000e-06
4.05000e-07
2.00000e-07
1.20000e-07
8.00000e-08
6.50000e-08
6.00000e-08
5.00000e-08
5.00000e-08
4.00000e-08
2.00000e-08
