0.3525 1.100
2.10000e-07
4.00000e-08
4.74500e-06
7.45800e-05
3.65000e-07
2.09000e-06
1.34450e-05
8.58000e-06
2.79000e-06
1.11800e-05
5.94500e-06
4.40000e-07
9.50000e-08
5.91700e-05
7.00000e-07
1.48000e-06
6.95000e-07
1.31000e-06
4.42300e-05
1.22200e-05
0.000977035
1.31000e-06
1.75000e-07
6.53000e-06
2.76700e-05
7.80000e-07
2.50000e-08
5.00000e-08
4.40000e-07
9.40000e-07
5.35000e-07
7.75000e-06
1.13000e-06
3.10000e-07
1.09700e-05
0.000206090
3.38500e-06
3.24000e-05
7.53000e-05
1.82900e-05
0.000225910
1.40900e-05
0.000121660
1.90000e-06
2.90000e-07
3.23000e-06
3.00000e-08
1.00000e-08
6.00000e-08
8.17000e-06
3.30000e-06
1.52000e-06
4.93500e-06
2.90000e-07
2.05000e-07
2.70000e-07
6.10000e-07
1.20000e-07
2.00000e-07
1.10000e-07
1.00000e-08
1.00000e-08
1.00000e-08
7.00000e-08
1.40500e-06
1.00000e-07
1.70000e-07
9.20000e-07
1.84750e-05
1.98800e-05
7.02350e-05
0.000148660
0.000218725
0.000866110
0.0107039
0.0967657
0.488581
0.978700
0.975299
0.993159
0.977342
0.990652
0.988188
0.991533
0.983380
0.983664
0.984523
0.997874
0.998543
0.959406
0.508064
0.0875365
0.0100897
0.000993220
0.000277460
0.000202330
0.000359610
3.34200e-05
7.07000e-06
3.17000e-06
2.14500e-06
1.00000e-06
3.55000e-07
1.60000e-07
1.20000e-07
1.50000e-07
4.70000e-07
7.10000e-07
1.30000e-07
5.00000e-08
4.50000e-08
6.00000e-08
2.20000e-07
1.38000e-06
2.40000e-07
1.00000e-07
9.50000e-08
1.60000e-07
4.90000e-07
2.00000e-06
1.60000e-06
1.23000e-06
2.08000e-06
6.93000e-06
1.27350e-05
6.64000e-06
5.64000e-06
5.98000e-06
5.80000e-06
5.99000e-06
8.66000e-06
1.74000e-05
3.29450e-05
4.19300e-05
9.52050e-05
0.000403970
5.08950e-05
1.80400e-05
1.53450e-05
2.41400e-05
8.82650e-05
0.000207530
8.19100e-05
7.85300e-05
0.000360975
0.000385170
5.81450e-05
3.14600e-05
4.13600e-05
0.000153640
0.000186035
2.66500e-05
1.27650e-05
1.04300e-05
1.39200e-05
3.10800e-05
0.000221715
0.000285890
7.97000e-05
6.74100e-05
0.000155780
0.000787930
0.000126010
3.94500e-05
2.69300e-05
2.85200e-05
4.86250e-05
0.000137860
0.000357630
0.000166630
9.91900e-05
9.51500e-05
0.000104085
7.58800e-05
4.26350e-05
2.75800e-05
2.33300e-05
2.50000e-05
3.41350e-05
5.62100e-05
0.000105795
0.000192450
0.000275740
0.000186190
7.13450e-05
2.94700e-05
1.61200e-05
1.07800e-05
8.76500e-06
8.19000e-06
8.50500e-06
9.18000e-06
9.69500e-06
9.97000e-06
1.04450e-05
1.16700e-05
1.35850e-05
1.40100e-05
1.10900e-05
7.83000e-06
6.14000e-06
5.84000e-06
6.97500e-06
7.93000e-06
4.36500e-06
1.59000e-06
6.85000e-07
3.40000e-07
2.05000e-07
1.40000e-07
1.05000e-07
8.00000e-08
7.50000e-08
7.00000e-08
8.00000e-08
9.00000e-08
1.05000e-07
1.40000e-07
2.05000e-07
3.20000e-07
5.80000e-07
1.16000e-06
2.67500e-06
6.23000e-06
1.26100e-05
2.05700e-05
3.80050e-05
0.000129200
0.000554440
5.88900e-05
1.76700e-05
8.71000e-06
5.85000e-06
4.68000e-06
4.31500e-06
4.44000e-06
5.07000e-06
6.27000e-06
8.37000e-06
1.17900e-05
1.72700e-05
2.47700e-05
3.19300e-05
3.45100e-05
3.13250e-05
2.67200e-05
2.36300e-05
2.28900e-05
2.57000e-05
3.51500e-05
6.77200e-05
0.000158960
9.24200e-05
2.46700e-05
9.89000e-06
4.97000e-06
3.04000e-06
2.08000e-06
1.58500e-06
1.30000e-06
1.16000e-06
1.10000e-06
1.11000e-06
1.19000e-06
1.35500e-06
1.64000e-06
2.07500e-06
2.71000e-06
3.51000e-06
4.20000e-06
4.38500e-06
4.05000e-06
3.54000e-06
3.12000e-06
2.88000e-06
2.83000e-06
3.00000e-06
3.46000e-06
4.43000e-06
6.42000e-06
1.14200e-05
2.61800e-05
7.42150e-05
5.41600e-05
1.81650e-05
8.02000e-06
4.64500e-06
3.08000e-06
2.29000e-06
1.83000e-06
1.55500e-06
1.38000e-06
1.27000e-06
1.20000e-06
1.15000e-06
1.10000e-06
1.03000e-06
8.80000e-07
5.85000e-07
6.00000e-08
