0.3525 1.0975
4.47000e-06
3.00000e-08
4.00000e-08
0.00000
2.34000e-06
2.00000e-08
5.50000e-08
4.57200e-05
1.35000e-07
1.47000e-05
2.66000e-06
3.36000e-06
7.55000e-07
2.11200e-05
1.99000e-06
8.00000e-08
3.50000e-08
3.52000e-06
1.31500e-06
1.04000e-06
1.35000e-07
8.00000e-08
5.55000e-07
5.00000e-08
1.08000e-06
8.20000e-06
5.31500e-06
6.13000e-06
1.74650e-05
0.000214650
0.00176372
0.0311428
0.337247
0.852899
0.881106
0.914231
0.938110
0.961651
0.994866
0.988456
0.705490
0.0904203
0.00585153
0.000289280
4.80900e-05
0.000105840
1.15550e-05
5.87000e-06
6.14000e-06
1.88000e-06
9.80000e-07
8.00000e-08
2.50000e-07
3.80000e-07
1.35000e-07
4.55000e-06
6.94500e-06
2.20000e-07
2.45000e-07
9.00000e-08
2.00000e-08
6.00000e-08
2.50000e-08
1.00000e-08
1.00000e-08
1.80000e-07
1.70000e-07
5.70000e-07
5.55000e-07
1.02000e-06
2.26000e-06
3.23000e-06
4.00000e-07
9.00000e-08
2.70000e-07
1.21500e-05
9.60000e-07
0.000311420
9.35000e-07
1.05000e-06
2.63300e-05
2.60000e-06
1.64900e-05
8.03000e-06
2.80500e-06
1.06500e-05
0.000331980
0.000787560
1.78100e-05
7.09000e-06
0.000209535
1.33800e-05
5.70000e-06
1.60400e-05
0.000174180
0.000436970
2.16950e-05
2.87000e-06
2.07000e-06
4.16000e-06
0.000256200
2.77600e-05
1.21850e-05
2.34300e-05
4.14950e-05
1.43200e-05
1.13800e-05
2.33400e-05
0.000212115
0.000254370
0.000146540
2.23800e-05
1.10750e-05
2.34300e-05
0.000190085
4.23000e-06
2.02500e-06
2.53000e-06
2.13100e-05
2.73900e-05
4.49000e-06
5.01000e-06
0.000761755
7.42000e-06
1.91000e-06
1.48000e-06
2.71500e-06
1.31800e-05
0.000973950
0.00111611
3.56050e-05
3.05000e-06
1.25500e-06
9.70000e-07
1.44500e-06
4.87000e-06
0.000162875
9.91000e-06
5.94500e-06
1.26600e-05
0.000295415
1.52600e-05
5.48000e-06
3.47000e-06
1.96000e-06
9.80000e-07
6.10000e-07
5.00000e-07
5.65000e-07
8.80000e-07
2.30500e-06
1.35500e-05
0.000173420
1.33300e-05
8.73000e-06
1.06500e-05
2.03700e-05
4.78600e-05
9.58100e-05
0.000128990
0.000148270
0.000161240
0.000172400
0.000173140
0.000131920
9.01100e-05
8.05450e-05
0.000113510
0.000230630
0.000103480
3.04250e-05
1.38100e-05
9.26000e-06
8.02000e-06
8.83500e-06
1.18400e-05
1.92600e-05
3.39700e-05
5.35000e-05
6.35300e-05
6.45900e-05
6.65300e-05
7.06400e-05
7.34200e-05
7.29250e-05
7.10600e-05
7.07850e-05
7.43100e-05
8.59200e-05
0.000110270
0.000139775
0.000114820
5.76850e-05
2.80600e-05
1.64700e-05
1.14100e-05
9.53500e-06
9.41000e-06
1.14750e-05
1.79000e-05
4.40300e-05
0.000193580
0.000127805
3.27500e-05
1.73450e-05
1.36300e-05
1.57000e-05
2.87500e-05
0.000336505
0.000186030
1.74350e-05
5.63000e-06
3.02500e-06
2.06000e-06
1.73000e-06
1.71000e-06
2.06000e-06
3.05000e-06
6.64000e-06
3.02300e-05
0.000395630
1.72100e-05
5.74000e-06
3.29000e-06
2.59500e-06
2.53000e-06
3.04500e-06
4.55000e-06
9.34500e-06
2.38800e-05
2.36750e-05
9.08000e-06
4.51500e-06
2.88000e-06
2.25500e-06
2.03000e-06
2.08500e-06
2.38000e-06
3.03500e-06
4.28000e-06
6.80500e-06
1.20300e-05
2.29400e-05
3.42400e-05
2.68550e-05
1.55400e-05
9.60000e-06
6.69000e-06
5.42500e-06
5.12000e-06
5.94500e-06
9.14000e-06
2.71000e-05
7.93800e-05
1.03500e-05
2.40000e-06
9.80000e-07
4.90000e-07
2.90000e-07
1.90000e-07
1.35000e-07
1.00000e-07
8.50000e-08
7.00000e-08
7.00000e-08
6.00000e-08
6.00000e-08
6.00000e-08
7.00000e-08
8.00000e-08
9.50000e-08
1.10000e-07
1.50000e-07
2.00000e-07
2.95000e-07
4.70000e-07
8.25000e-07
1.63000e-06
4.19500e-06
1.56100e-05
0.000122180
4.75300e-05
1.52300e-05
8.45000e-06
6.30500e-06
5.44000e-06
5.20000e-06
5.28000e-06
5.57500e-06
5.99000e-06
6.37500e-06
6.56000e-06
6.32500e-06
5.63000e-06
4.56000e-06
3.40000e-06
2.33000e-06
1.41000e-06
6.60000e-07
