0.355 1.100
7.00000e-08
5.00000e-07
1.69000e-06
2.11500e-06
1.00000e-07
5.45000e-07
2.00000e-08
5.00000e-08
1.30000e-07
1.50000e-08
8.00000e-08
7.20000e-06
2.80000e-06
3.23500e-06
2.70000e-07
2.97500e-06
4.33000e-06
1.30550e-05
3.28000e-06
2.25000e-07
4.56000e-06
9.55000e-06
7.00000e-08
8.75000e-07
4.40900e-05
1.02850e-05
6.12000e-06
7.40000e-07
8.98000e-06
6.81000e-06
9.09000e-06
2.07300e-05
1.31700e-05
2.71000e-06
4.94900e-05
1.14600e-05
3.00000e-06
0.000461400
5.80000e-06
0.000188885
7.99000e-06
6.02200e-05
5.96000e-06
3.51650e-05
8.72000e-06
2.44150e-05
2.74000e-06
4.73300e-05
6.59000e-06
0.00197545
1.17000e-06
1.30000e-07
1.10000e-07
5.00000e-06
9.10000e-07
1.17000e-06
6.00000e-08
8.00000e-08
5.50000e-07
2.40000e-07
6.00000e-07
0.000112845
3.89200e-05
9.67700e-05
9.60000e-07
2.90000e-07
9.10000e-07
9.85000e-07
1.50000e-07
2.70000e-07
3.89000e-06
3.61150e-05
7.02000e-06
8.25000e-07
8.80000e-07
5.00400e-05
3.59000e-06
2.15500e-06
5.84000e-06
1.88500e-06
7.00000e-07
8.20000e-07
2.93000e-06
0.000136030
1.68700e-05
4.31800e-05
0.000166630
0.000198680
5.58000e-05
0.000622585
1.20100e-05
1.58000e-06
7.40000e-07
8.75000e-07
2.46000e-06
2.86250e-05
2.35800e-05
4.79850e-05
1.72200e-05
5.58500e-06
6.40000e-06
6.74850e-05
6.67200e-05
1.48000e-05
2.16800e-05
9.31550e-05
3.96700e-05
4.09150e-05
9.98300e-05
1.50050e-05
5.48000e-06
5.09000e-06
1.01800e-05
8.08300e-05
3.56800e-05
1.48900e-05
2.17900e-05
0.0208245
2.53400e-05
7.08500e-06
5.83000e-06
1.78500e-05
6.61700e-05
4.47000e-06
1.58000e-06
1.28500e-06
1.95000e-06
9.66000e-06
2.57700e-05
4.61000e-06
3.86000e-06
2.90750e-05
5.66000e-06
8.45000e-07
3.50000e-07
2.60000e-07
3.10000e-07
6.45000e-07
3.20000e-06
7.35000e-05
5.66000e-05
2.18500e-06
1.50000e-07
3.50000e-08
1.00000e-08
5.00000e-09
0.00000
0.00000
0.00000
0.00000
0.00000
0.00000
0.00000
0.00000
0.00000
1.00000e-08
1.00000e-08
2.00000e-08
5.00000e-08
1.45000e-07
5.30000e-07
3.40000e-06
7.90300e-05
0.000200720
3.92800e-05
4.48500e-05
8.12700e-05
0.000214670
0.000721600
0.00359255
0.0208458
0.150143
0.643480
0.995225
0.964780
0.977992
0.969122
0.943229
0.943607
0.938772
0.914007
0.900157
0.898058
0.885832
0.863036
0.850053
0.846258
0.836892
0.815879
0.799104
0.792786
0.785792
0.771013
0.751065
0.737990
0.732872
0.722139
0.704512
0.686851
0.677476
0.671407
0.660177
0.643597
0.626364
0.619253
0.613749
0.601718
0.583343
0.568841
0.562227
0.556156
0.539939
0.520414
0.510306
0.504809
0.492369
0.465960
0.441029
0.172140
0.0688226
0.0282234
0.0111518
0.00365493
0.00117985
0.000386120
0.000147900
6.09500e-05
2.88250e-05
1.46300e-05
8.19000e-06
4.88000e-06
3.15000e-06
2.15000e-06
1.56000e-06
1.20000e-06
9.75000e-07
8.30000e-07
7.45000e-07
7.10000e-07
7.05000e-07
7.50000e-07
8.40000e-07
1.01000e-06
1.30500e-06
1.84000e-06
2.95500e-06
5.47000e-06
1.33100e-05
4.19700e-05
7.15350e-05
3.14500e-05
1.59650e-05
1.06300e-05
8.85000e-06
8.54000e-06
9.45000e-06
1.17000e-05
1.62850e-05
2.42100e-05
3.46900e-05
3.87800e-05
3.16400e-05
2.31200e-05
1.75950e-05
1.44200e-05
1.28200e-05
1.21000e-05
1.18600e-05
1.16800e-05
1.11400e-05
1.00700e-05
8.63000e-06
7.16000e-06
5.93500e-06
5.00000e-06
4.37500e-06
3.98000e-06
3.80000e-06
3.81000e-06
4.05000e-06
4.55000e-06
5.49000e-06
7.08000e-06
9.82000e-06
1.39200e-05
1.73550e-05
1.56500e-05
1.04200e-05
6.37000e-06
4.06500e-06
2.72000e-06
1.94500e-06
1.44000e-06
1.09500e-06
8.40000e-07
6.35000e-07
4.40000e-07
2.15000e-07
9.99999e-09
